0 0
100 0
200 0
300 0
400 0
500 0
600 0
700 0
800 0
900 0
1000 0
1100 0
1200 0
1300 0
1400 0
1500 0
1600 0
1700 0
1800 0
1900 0
2000 0
2100 0
2200 0
2300 0
2400 0
2500 0
2600 0
2700 0
2800 0
2900 0
3000 0
3100 0
3200 0
3300 0
3400 0
3500 0
3600 0
3700 0
3800 0
3900 0
4000 0
4100 0
4200 0
4300 0
4400 0
4500 0
4600 0
4700 0
4800 0
4900 0
5000 0
5100 0
5200 0
5300 0
5400 0
5500 0
5600 0
5700 0
5800 0
5900 0
6000 0
6100 0
6200 0
6300 0
6400 0
6500 0
6600 0
6700 0
6800 0
6900 0
7000 0
7100 0
7200 0
7300 0
7400 0
7500 0
7600 0
7700 0
7800 0
7900 0
8000 0
8100 0
8200 0
8300 0
8400 0
8500 0
8600 0
8700 0
8800 0
8900 0
9000 0
9100 0
9200 0
9300 0
9400 0
9500 0
9600 0
9700 0
9800 0
9900 0
10000 0
10100 0
10200 0
10300 0
10400 0
10500 0
10600 0
10700 0
10800 0
10900 0
11000 0
11100 0
11200 0
11300 0
11400 0
11500 0
11600 0
11700 0
11800 0
11900 0
12000 0
12100 0
12200 0
12300 0
12400 0
12500 0
12600 0
12700 0
12800 0
12900 0
13000 0
13100 0
13200 0
13300 0
13400 0
13500 0
13600 0
13700 0
13800 0
13900 0
14000 0
14100 0
14200 0
14300 0
14400 0
14500 0
14600 0
14700 0
14800 0
14900 0
15000 0
15100 0
15200 0
15300 0
15400 0
15500 0
15600 0
15700 0
15800 0
15900 0
16000 0
16100 0
16200 0
16300 0
16400 0
16500 0
16600 0
16700 0
16800 0
16900 0
17000 0
17100 0
17200 0
17300 0
17400 0
17500 0
17600 0
17700 0
17800 0
17900 0
18000 0
18100 0
18200 0
18300 0
18400 0
18500 0
18600 0
18700 0
18800 0
18900 0
19000 0
19100 0
19200 0
19300 0
19400 0
19500 0
19600 0
19700 0
19800 0
19900 0
20000 0
0 100
0 200
0 300
0 400
0 500
0 600
0 700
0 800
0 900
0 1000
0 1100
0 1200
0 1300
0 1400
0 1500
0 1600
0 1700
0 1800
0 1900
0 2000
0 2100
0 2200
0 2300
0 2400
0 2500
0 2600
0 2700
0 2800
0 2900
0 3000
0 3100
0 3200
0 3300
0 3400
0 3500
0 3600
0 3700
0 3800
0 3900
0 4000
0 4100
0 4200
0 4300
0 4400
0 4500
0 4600
0 4700
0 4800
0 4900
0 5000
0 5100
0 5200
0 5300
0 5400
0 5500
0 5600
0 5700
0 5800
0 5900
0 6000
0 6100
0 6200
0 6300
0 6400
0 6500
0 6600
0 6700
0 6800
0 6900
0 7000
0 7100
0 7200
0 7300
0 7400
0 7500
0 7600
0 7700
0 7800
0 7900
0 8000
0 8100
0 8200
0 8300
0 8400
0 8500
0 8600
0 8700
0 8800
0 8900
0 9000
0 9100
0 9200
0 9300
0 9400
0 9500
0 9600
0 9700
0 9800
0 9900
0 10000
0 10100
0 10200
0 10300
0 10400
0 10500
0 10600
0 10700
0 10800
0 10900
0 11000
0 11100
0 11200
0 11300
0 11400
0 11500
0 11600
0 11700
0 11800
0 11900
0 12000
0 12100
0 12200
0 12300
0 12400
0 12500
0 12600
0 12700
0 12800
0 12900
0 13000
0 13100
0 13200
0 13300
0 13400
0 13500
0 13600
0 13700
0 13800
0 13900
0 14000
0 14100
0 14200
0 14300
0 14400
0 14500
0 14600
0 14700
0 14800
0 14900
0 15000
0 15100
0 15200
0 15300
0 15400
0 15500
0 15600
0 15700
0 15800
0 15900
0 16000
0 16100
0 16200
0 16300
0 16400
0 16500
0 16600
0 16700
0 16800
0 16900
0 17000
0 17100
0 17200
0 17300
0 17400
0 17500
0 17600
0 17700
0 17800
0 17900
0 18000
0 18100
0 18200
0 18300
0 18400
0 18500
0 18600
0 18700
0 18800
0 18900
0 19000
0 19100
0 19200
0 19300
0 19400
0 19500
0 19600
0 19700
0 19800
0 19900
20000 100
20000 200
20000 300
20000 400
20000 500
20000 600
20000 700
20000 800
20000 900
20000 1000
20000 1100
20000 1200
20000 1300
20000 1400
20000 1500
20000 1600
20000 1700
20000 1800
20000 1900
20000 2000
20000 2100
20000 2200
20000 2300
20000 2400
20000 2500
20000 2600
20000 2700
20000 2800
20000 2900
20000 3000
20000 3100
20000 3200
20000 3300
20000 3400
20000 3500
20000 3600
20000 3700
20000 3800
20000 3900
20000 4000
20000 4100
20000 4200
20000 4300
20000 4400
20000 4500
20000 4600
20000 4700
20000 4800
20000 4900
20000 5000
20000 5100
20000 5200
20000 5300
20000 5400
20000 5500
20000 5600
20000 5700
20000 5800
20000 5900
20000 6000
20000 6100
20000 6200
20000 6300
20000 6400
20000 6500
20000 6600
20000 6700
20000 6800
20000 6900
20000 7000
20000 7100
20000 7200
20000 7300
20000 7400
20000 7500
20000 7600
20000 7700
20000 7800
20000 7900
20000 8000
20000 8100
20000 8200
20000 8300
20000 8400
20000 8500
20000 8600
20000 8700
20000 8800
20000 8900
20000 9000
20000 9100
20000 9200
20000 9300
20000 9400
20000 9500
20000 9600
20000 9700
20000 9800
20000 9900
20000 10000
20000 10100
20000 10200
20000 10300
20000 10400
20000 10500
20000 10600
20000 10700
20000 10800
20000 10900
20000 11000
20000 11100
20000 11200
20000 11300
20000 11400
20000 11500
20000 11600
20000 11700
20000 11800
20000 11900
20000 12000
20000 12100
20000 12200
20000 12300
20000 12400
20000 12500
20000 12600
20000 12700
20000 12800
20000 12900
20000 13000
20000 13100
20000 13200
20000 13300
20000 13400
20000 13500
20000 13600
20000 13700
20000 13800
20000 13900
20000 14000
20000 14100
20000 14200
20000 14300
20000 14400
20000 14500
20000 14600
20000 14700
20000 14800
20000 14900
20000 15000
20000 15100
20000 15200
20000 15300
20000 15400
20000 15500
20000 15600
20000 15700
20000 15800
20000 15900
20000 16000
20000 16100
20000 16200
20000 16300
20000 16400
20000 16500
20000 16600
20000 16700
20000 16800
20000 16900
20000 17000
20000 17100
20000 17200
20000 17300
20000 17400
20000 17500
20000 17600
20000 17700
20000 17800
20000 17900
20000 18000
20000 18100
20000 18200
20000 18300
20000 18400
20000 18500
20000 18600
20000 18700
20000 18800
20000 18900
20000 19000
20000 19100
20000 19200
20000 19300
20000 19400
20000 19500
20000 19600
20000 19700
20000 19800
20000 19900
0 20000
100 20000
200 20000
300 20000
400 20000
500 20000
600 20000
700 20000
800 20000
900 20000
1000 20000
1100 20000
1200 20000
1300 20000
1400 20000
1500 20000
1600 20000
1700 20000
1800 20000
1900 20000
2000 20000
2100 20000
2200 20000
2300 20000
2400 20000
2500 20000
2600 20000
2700 20000
2800 20000
2900 20000
3000 20000
3100 20000
3200 20000
3300 20000
3400 20000
3500 20000
3600 20000
3700 20000
3800 20000
3900 20000
4000 20000
4100 20000
4200 20000
4300 20000
4400 20000
4500 20000
4600 20000
4700 20000
4800 20000
4900 20000
5000 20000
5100 20000
5200 20000
5300 20000
5400 20000
5500 20000
5600 20000
5700 20000
5800 20000
5900 20000
6000 20000
6100 20000
6200 20000
6300 20000
6400 20000
6500 20000
6600 20000
6700 20000
6800 20000
6900 20000
7000 20000
7100 20000
7200 20000
7300 20000
7400 20000
7500 20000
7600 20000
7700 20000
7800 20000
7900 20000
8000 20000
8100 20000
8200 20000
8300 20000
8400 20000
8500 20000
8600 20000
8700 20000
8800 20000
8900 20000
9000 20000
9100 20000
9200 20000
9300 20000
9400 20000
9500 20000
9600 20000
9700 20000
9800 20000
9900 20000
10000 20000
10100 20000
10200 20000
10300 20000
10400 20000
10500 20000
10600 20000
10700 20000
10800 20000
10900 20000
11000 20000
11100 20000
11200 20000
11300 20000
11400 20000
11500 20000
11600 20000
11700 20000
11800 20000
11900 20000
12000 20000
12100 20000
12200 20000
12300 20000
12400 20000
12500 20000
12600 20000
12700 20000
12800 20000
12900 20000
13000 20000
13100 20000
13200 20000
13300 20000
13400 20000
13500 20000
13600 20000
13700 20000
13800 20000
13900 20000
14000 20000
14100 20000
14200 20000
14300 20000
14400 20000
14500 20000
14600 20000
14700 20000
14800 20000
14900 20000
15000 20000
15100 20000
15200 20000
15300 20000
15400 20000
15500 20000
15600 20000
15700 20000
15800 20000
15900 20000
16000 20000
16100 20000
16200 20000
16300 20000
16400 20000
16500 20000
16600 20000
16700 20000
16800 20000
16900 20000
17000 20000
17100 20000
17200 20000
17300 20000
17400 20000
17500 20000
17600 20000
17700 20000
17800 20000
17900 20000
18000 20000
18100 20000
18200 20000
18300 20000
18400 20000
18500 20000
18600 20000
18700 20000
18800 20000
18900 20000
19000 20000
19100 20000
19200 20000
19300 20000
19400 20000
19500 20000
19600 20000
19700 20000
19800 20000
19900 20000
20000 20000
