7700 14000
11600 12900
7000 5100
11100 17700
10000 1200
16200 5500
14600 13300
7500 16700
3000 9900
14600 15400
4100 14600
4500 7200
3400 16000
3000 9800
19900 7500
500 9100
12500 10500
18200 3400
19500 18200
16000 9000
7900 18500
7500 16000
19200 5900
6200 15700
200 3900
18300 3400
19400 3200
1600 3100
17800 1900
1100 17800
10400 5900
7400 9900
18100 18300
3700 2400
11000 400
16500 6700
16200 4800
11600 800
13500 7200
12200 7800
15600 17000
15600 7100
6500 200
17200 10200
8600 8400
15600 16100
10000 4400
19200 6000
900 15200
19700 7400
7500 5300
8000 15900
4900 10800
12700 6400
300 800
5500 8600
8500 3200
13400 11200
15300 18300
8400 3800
16700 2900
3300 11200
10700 9000
4800 19100
600 12500
4100 7500
7400 200
6800 17300
18100 7100
16300 300
15000 6800
17300 6500
4800 8900
14300 14000
17700 400
7400 19300
16400 8400
8500 9400
5400 15400
13000 19000
4300 4800
100 14100
17500 13900
19500 3700
8900 7800
6700 4200
9400 17400
9600 15600
18600 10700
4300 18600
10300 4200
2100 14500
700 10700
13800 6500
6300 16000
8000 2800
18000 1800
2500 5300
4300 16800
4100 11600
14700 4600
6600 4600
5500 16800
16500 12200
15400 18400
16200 7000
18100 17100
19100 12800
10100 14200
7500 1400
2000 18100
7800 15300
3900 13400
19800 5800
8100 1100
7900 2800
17200 15300
13000 6200
17200 9300
12600 6500
17800 16100
5300 5600
15500 10400
11700 17700
12300 2700
15200 12200
6900 15100
11300 17400
9700 6300
12700 12900
4100 1200
10500 6200
11800 4200
300 4400
15900 13600
1100 8200
19200 11100
8900 12200
15100 14700
14200 4200
10200 16200
3100 7400
19700 10300
600 2700
4100 16900
15300 2200
19500 12600
19500 8300
12500 12200
13300 11300
2000 4500
7100 19000
3700 1600
3000 11800
5300 10500
8800 500
12500 1000
10400 9900
2800 5500
18100 16600
2200 5100
1800 2000
10700 7600
6100 16100
800 18200
5300 18100
2000 13200
17000 2400
14600 5800
17900 7400
3900 19600
4000 13300
9700 13000
12900 3600
10400 15600
15500 2300
18700 8000
6600 13600
14400 15200
15900 17900
16900 19700
16200 3600
16500 1200
5500 14300
10600 8700
3300 14900
11500 12900
10200 6400
18300 19700
10400 5500
4400 18500
19300 15600
11400 16100
13000 18100
900 6300
13500 2200
8400 4700
3200 11700
3700 9300
5200 1600
