100
3000
45
94
26
11
46
72
2
70
75
51
61
71
7
53
97
48
15
16
87
71
31
57
35
99
71
43
7
93
98
84
99
37
52
6
44
69
47
58
98
26
30
72
26
39
94
48
5
19
15
27
78
48
12
91
68
93
83
82
26
34
13
81
56
81
75
9
51
28
87
75
98
21
77
98
16
15
68
95
53
22
29
66
85
31
24
93
36
14
17
13
93
87
69
7
89
60
28
49
2
79
34
0
51
49
3
26
82
19
32
25
90
64
48
68
68
58
44
49
33
42
59
50
62
15
35
98
16
74
30
70
32
66
16
62
70
60
2
31
46
22
9
86
63
64
21
96
28
21
88
91
6
15
37
81
80
83
62
63
49
84
99
27
83
92
11
43
26
29
98
82
56
81
44
29
19
97
89
52
87
13
92
20
44
57
48
98
51
7
36
18
80
38
11
94
63
86
25
41
97
44
29
71
42
89
33
98
74
90
24
16
12
60
26
88
89
99
97
42
66
82
79
67
4
49
85
49
95
58
14
88
41
16
55
88
91
5
39
91
74
39
70
0
33
43
66
53
51
1
30
32
83
96
73
84
22
99
62
81
52
1
64
31
68
54
76
27
56
23
43
7
24
29
63
19
28
26
71
61
8
36
15
42
67
83
56
61
17
7
53
5
37
15
61
8
5
22
94
46
35
57
11
46
58
65
96
57
93
86
86
74
57
57
26
17
75
17
41
12
73
42
53
51
8
65
85
76
70
89
8
57
14
53
0
46
27
47
25
10
83
7
62
94
19
72
58
72
46
50
37
73
43
6
36
45
0
88
21
40
14
94
28
17
0
95
6
87
20
12
0
12
53
74
68
78
59
24
27
78
66
86
0
3
26
80
34
61
46
18
79
8
48
72
60
47
79
66
70
67
39
32
80
4
12
95
66
9
13
15
26
36
87
28
73
28
21
64
85
47
3
65
89
72
90
41
76
42
61
11
75
28
97
51
70
2
11
7
31
33
12
6
76
46
18
60
0
34
96
28
8
65
8
72
75
9
34
26
27
95
68
93
99
90
31
9
50
16
76
83
85
61
90
43
24
19
38
19
12
43
86
12
3
33
97
9
14
99
98
53
20
29
71
44
14
11
20
97
38
92
69
89
97
37
92
60
74
62
7
76
75
81
86
30
2
80
87
73
43
83
34
16
94
55
86
35
77
70
44
41
28
97
69
20
85
21
76
69
2
32
14
29
37
90
25
68
38
93
83
43
99
21
85
62
83
96
64
49
33
34
20
5
34
18
18
6
62
71
43
73
7
80
67
54
47
92
43
85
53
41
13
2
12
13
99
5
31
7
18
55
28
1
33
0
92
46
16
98
44
53
37
29
87
25
78
56
99
97
93
60
5
21
64
77
96
30
49
57
15
42
54
20
40
28
43
99
29
89
58
96
84
89
96
53
22
23
44
17
63
22
88
13
1
62
83
67
34
28
19
78
62
4
61
53
0
77
79
8
17
44
77
56
21
53
62
13
90
75
74
92
92
74
72
23
98
66
40
95
1
4
7
97
89
66
68
6
37
20
63
37
80
68
20
25
68
32
62
51
11
71
88
97
50
5
37
42
74
38
93
12
97
52
13
71
51
64
46
77
57
80
91
10
7
48
48
71
1
85
52
89
89
76
9
98
70
61
0
95
63
53
38
35
65
34
99
53
26
39
67
75
58
17
76
75
69
88
29
79
38
44
90
87
90
44
89
32
72
1
14
62
47
13
88
92
24
55
19
42
44
12
14
91
29
90
77
18
20
76
78
3
83
12
8
92
10
15
43
12
54
99
41
29
68
87
59
57
86
95
59
26
15
33
57
17
8
15
50
95
81
83
91
40
60
79
68
8
4
92
58
14
44
32
87
92
83
24
63
4
71
60
95
44
90
58
63
61
5
25
5
97
66
90
65
35
93
14
61
87
15
27
56
0
90
23
82
10
15
76
0
9
27
81
71
95
33
1
88
76
81
34
64
17
36
69
33
53
2
66
35
11
7
73
86
32
72
61
93
68
13
16
97
37
2
26
72
80
79
87
72
12
96
76
85
40
48
31
35
57
10
64
16
69
90
85
75
31
16
88
23
95
68
75
4
1
51
36
95
27
64
67
56
15
10
56
6
5
94
48
79
62
77
9
14
28
15
75
12
49
61
14
71
93
42
99
59
79
46
18
99
44
82
20
41
43
59
98
40
2
83
22
17
6
21
65
41
83
32
70
48
81
86
49
91
91
98
41
60
77
25
51
72
9
11
44
10
25
95
19
22
70
82
77
13
25
86
39
38
42
5
54
94
58
56
60
89
83
27
44
67
58
12
96
56
71
91
95
96
32
22
62
17
62
88
19
93
35
77
30
53
95
81
31
67
8
49
86
89
29
48
67
43
59
84
45
11
1
38
80
69
57
96
10
16
42
18
32
38
38
45
34
20
55
34
55
37
82
14
73
55
53
85
4
79
30
91
21
58
0
19
30
18
6
93
15
10
44
23
80
71
27
38
35
48
89
8
76
26
65
34
97
9
55
55
54
50
66
66
7
63
54
69
77
14
16
7
40
85
50
16
62
55
41
24
42
73
45
34
83
93
30
50
35
15
52
32
13
67
37
99
43
24
81
16
0
11
20
52
49
31
15
28
14
89
45
89
46
5
50
88
80
23
99
41
46
28
16
66
85
50
81
42
25
40
54
38
38
89
19
62
96
94
58
56
76
86
25
16
55
57
10
62
59
20
28
52
2
13
50
30
54
6
78
61
38
62
3
95
65
35
55
21
76
86
76
45
44
60
87
81
16
42
88
88
63
96
93
83
65
26
56
12
62
90
63
58
24
90
75
87
91
32
22
89
89
44
31
17
45
89
60
10
8
90
93
4
40
9
9
65
92
19
36
62
10
13
27
64
11
54
55
18
63
54
69
65
45
24
6
9
81
0
97
83
45
47
81
80
79
14
64
36
57
54
32
66
53
94
72
43
11
10
6
99
28
83
47
59
21
11
91
96
64
23
15
92
3
85
81
17
73
16
15
45
1
82
8
91
49
77
51
46
92
66
35
74
49
44
16
50
58
65
15
65
14
11
49
84
38
59
47
3
21
67
67
68
61
44
95
77
60
79
70
42
49
49
33
35
86
90
90
13
69
27
13
26
43
25
99
3
87
57
38
22
89
78
45
0
65
8
88
48
76
6
48
58
80
25
39
93
62
1
64
22
21
92
84
11
33
96
95
13
83
72
1
87
69
94
74
70
7
98
96
35
29
15
24
3
2
8
73
62
29
57
39
38
16
50
60
7
88
55
47
77
93
51
4
45
27
46
12
62
32
55
13
12
95
42
91
55
71
2
78
46
86
99
22
98
58
17
40
19
16
6
0
30
47
9
59
56
32
9
3
76
97
40
68
66
43
18
59
48
20
81
32
9
59
8
35
83
27
12
68
29
55
2
96
81
71
58
95
91
11
82
69
11
29
26
97
58
67
94
54
39
5
20
21
66
6
68
76
1
37
46
56
38
36
35
85
6
36
48
48
45
56
95
20
74
18
52
53
17
61
68
58
98
45
54
13
96
1
61
32
86
41
92
71
92
78
67
29
43
26
86
40
84
69
37
5
42
0
45
67
34
15
64
19
25
12
98
70
61
18
54
6
42
82
73
7
39
29
33
39
98
10
17
19
23
26
45
74
6
82
10
94
5
13
65
68
80
19
25
62
21
85
4
51
39
81
0
9
21
1
52
12
1
31
31
56
91
84
11
14
5
5
42
79
47
78
47
25
28
1
16
18
26
59
48
83
6
3
88
27
56
65
3
77
28
43
50
27
59
98
56
5
44
85
68
36
6
67
74
15
77
66
61
0
2
96
37
44
76
55
55
71
46
57
67
74
49
87
9
34
71
4
72
32
74
6
75
67
27
69
13
47
24
30
23
14
41
35
68
79
95
16
86
13
97
44
35
75
33
58
21
79
4
6
73
32
1
78
80
65
79
17
29
43
13
87
88
84
5
9
90
37
18
18
99
42
44
87
44
82
21
49
29
18
63
34
77
98
14
46
80
87
89
4
58
4
1
74
85
55
29
98
54
55
25
43
32
75
44
39
87
96
29
47
93
82
77
17
10
20
88
0
78
81
0
49
18
94
92
3
8
2
51
46
79
24
72
7
79
31
1
26
36
91
61
72
34
33
83
5
89
32
54
63
81
72
56
82
21
96
87
51
85
46
21
44
13
80
17
50
44
78
42
10
97
65
95
69
55
3
24
43
2
38
26
59
47
55
35
56
94
61
12
55
54
93
12
6
62
60
90
58
78
48
5
99
81
58
6
25
21
51
24
28
30
83
98
96
71
72
85
62
82
68
37
30
62
95
23
71
39
80
45
81
93
46
95
78
22
85
64
83
43
41
20
37
38
93
19
34
30
6
55
5
13
37
36
96
35
28
75
27
8
51
46
62
1
4
70
93
15
71
27
83
98
55
34
68
74
36
80
23
65
37
51
68
48
78
1
75
97
89
66
6
62
40
89
88
16
64
31
97
83
26
68
76
55
74
85
19
20
23
65
90
51
12
6
6
76
46
83
60
76
6
44
88
1
62
12
61
73
72
98
95
82
38
40
71
24
32
14
20
83
66
71
96
73
6
93
31
97
54
93
77
87
11
82
58
64
99
42
23
88
45
66
38
0
11
0
81
40
22
80
68
35
29
57
49
50
12
52
36
52
67
0
79
91
59
36
54
9
59
46
57
15
61
97
13
46
94
74
27
42
34
37
89
56
73
21
51
26
67
85
48
22
60
3
2
65
27
40
93
12
86
61
55
53
65
40
78
34
49
84
44
22
75
95
64
82
56
28
80
60
90
31
19
76
13
54
73
27
15
93
34
94
25
69
93
78
16
5
85
94
21
13
33
52
57
50
1
48
82
49
42
62
23
94
0
52
5
60
55
3
39
90
66
37
94
74
71
50
42
32
49
49
49
37
19
17
2
81
98
93
32
16
51
53
31
70
79
66
13
84
42
40
62
81
88
74
75
15
81
94
85
36
83
60
88
89
98
75
77
47
97
24
49
98
75
3
22
57
79
46
64
55
62
15
5
99
83
66
17
12
25
40
68
82
52
78
12
79
92
52
60
82
17
92
70
81
86
81
52
13
43
35
66
26
50
43
68
18
56
47
3
95
13
62
75
60
75
40
93
1
69
83
62
49
83
2
82
57
0
73
60
39
8
45
87
40
79
74
59
34
20
51
46
11
2
55
5
59
50
92
45
84
30
19
23
93
88
34
47
39
77
23
38
50
49
12
74
23
50
29
16
88
21
65
27
84
58
11
9
42
19
51
92
65
56
17
45
95
91
83
46
57
58
30
53
18
53
93
76
14
78
73
60
20
31
64
28
71
48
99
16
43
87
92
20
34
71
31
60
85
78
89
64
92
24
2
73
13
76
50
44
69
94
12
51
10
58
56
97
89
16
50
78
33
88
2
14
84
11
74
50
32
83
51
89
19
80
74
77
97
98
65
29
92
43
69
13
35
88
56
49
88
46
63
62
32
28
53
88
52
39
95
39
69
94
10
15
99
79
81
89
18
54
65
5
13
18
32
98
27
46
96
89
67
50
86
99
9
82
61
92
58
11
85
57
42
34
61
98
21
83
13
31
72
27
57
58
39
4
94
36
32
1
33
48
27
5
60
28
72
87
85
41
14
42
27
49
33
70
82
86
7
68
48
55
52
66
22
87
51
0
16
61
19
91
63
88
83
15
65
37
31
71
4
42
62
5
38
88
57
61
96
67
44
42
65
46
26
43
1
12
41
90
71
85
76
31
21
26
31
80
22
86
6
73
34
50
66
9
54
8
80
88
70
77
27
4
86
88
2
52
89
4
99
59
96
78
83
5
61
25
54
76
64
89
90
21
90
42
41
64
69
15
28
24
95
17
2
10
28
29
97
25
82
2
30
6
57
33
72
20
95
12
31
28
56
53
21
12
4
46
74
51
94
50
95
54
78
1
50
73
56
41
91
0
48
16
77
98
62
11
15
75
62
56
49
25
21
42
1
1
6
38
6
28
0
94
58
73
41
3
82
18
54
47
88
40
24
92
20
98
88
85
29
77
87
77
97
32
30
93
29
95
37
17
89
12
96
36
84
9
63
96
92
74
91
54
86
36
80
30
61
94
5
75
4
36
61
94
10
8
14
51
85
26
85
29
11
13
9
10
12
61
88
20
95
75
97
37
33
65
0
71
50
95
0
15
30
61
94
42
82
25
31
29
49
76
50
38
92
20
63
5
82
67
74
36
85
22
23
6
6
12
78
50
89
62
43
41
12
39
31
56
46
79
48
80
72
71
31
33
2
51
98
32
14
98
97
9
30
38
98
72
76
24
45
78
72
20
58
39
11
72
78
97
79
7
2
73
55
18
2
23
79
40
23
89
67
54
47
72
89
34
5
98
17
89
91
70
80
0
16
90
30
83
7
42
3
61
42
72
98
96
20
34
16
11
38
74
12
66
46
20
72
2
15
85
46
40
98
14
30
49
26
39
53
41
85
49
29
73
86
46
88
58
77
48
90
70
62
81
32
84
53
13
53
14
91
67
87
27
35
3
69
72
32
15
9
48
44
12
41
83
83
44
1
3
29
57
1
0
1
80
51
14
59
77
71
37
46
14
26
18
29
0
40
97
65
13
87
53
85
33
30
66
61
34
85
95
4
64
32
61
72
52
48
72
70
24
26
56
36
84
67
28
99
71
56
21
93
11
45
93
17
49
75
89
60
34
48
55
99
65
45
56
91
33
