2
4
3
0
10000 10000
14933 14933
5066 14933
5066 5066
14933 5066
4
10000 10000
19600 10000
20000 20000
10000 19600
4
10000 10000
10000 19600
0 20000
400 10000
4
10000 10000
400 10000
0 0
10000 400
4
10000 10000
10000 400
20000 0
19600 10000
17311 12511
17422 17422
12511 17311
12488 12488
7488 17311
2577 17422
2688 12511
7511 12488
2688 7488
2577 2577
7488 2688
7511 7511
12511 2688
17422 2577
17311 7488
12488 7511
4
14933 14933
14933 10133
19600 10000
19733 14933
4
14933 14933
19733 14933
20000 20000
14933 19733
4
14933 14933
14933 19733
10000 19600
10133 14933
4
14933 14933
10133 14933
10000 10000
14933 10133
4
5066 14933
9866 14933
10000 19600
5066 19733
4
5066 14933
5066 19733
0 20000
266 14933
4
5066 14933
266 14933
400 10000
5066 10133
4
5066 14933
5066 10133
10000 10000
9866 14933
4
5066 5066
5066 9866
400 10000
266 5066
4
5066 5066
266 5066
0 0
5066 266
4
5066 5066
5066 266
10000 400
9866 5066
4
5066 5066
9866 5066
10000 10000
5066 9866
4
14933 5066
10133 5066
10000 400
14933 266
4
14933 5066
14933 266
20000 0
19733 5066
4
14933 5066
19733 5066
19600 10000
14933 9866
4
14933 5066
14933 9866
10000 10000
10133 5066
36
17300 14400
17800 13900
16800 13200
15400 12900
17700 13900
19600 12300
18600 10300
15000 13800
15700 13900
18400 11600
18300 12100
16600 13100
19400 10600
18800 14200
16000 14200
16700 12100
19700 14000
15900 12500
17000 11600
18400 11600
15500 13400
19600 11800
16800 10800
16200 10600
17200 11500
19000 13400
16300 12000
18800 13500
18500 10800
19000 12900
15200 14500
19100 14400
18600 12500
17400 13700
19300 13500
15800 14000
26
17700 16600
16800 16600
18100 15200
15800 18200
19000 19300
16400 19400
18300 16000
16000 16600
19100 17000
16300 15900
17600 17100
17500 16500
17700 18400
17300 16500
19000 17700
16700 16200
15400 16600
18800 15200
17200 18400
17900 18000
18100 17400
16200 18100
17600 18500
15600 16900
17800 16000
18400 15600
28
10700 19500
10400 18800
13500 15300
12900 19200
10100 16900
13100 18800
12500 16000
12100 17200
10800 18200
11100 16000
12800 15300
14300 15900
12500 18100
11400 15900
13100 15100
11700 18200
12700 19100
12100 16800
10500 15900
11700 17600
13600 19600
10600 15200
10600 18300
13400 18400
11200 17600
12900 18800
10900 18100
13500 17600
33
11900 12600
12900 10600
13600 10400
13600 14000
12300 13500
11200 12100
14100 14300
14300 10500
12800 11000
10900 10700
11200 11800
11200 12900
13200 10700
14100 11000
12000 12700
14300 14900
11700 11600
10200 10300
14200 14000
13200 12400
13800 14800
10100 11700
12200 14000
14900 11600
10800 14500
14900 10700
10200 10400
11700 14400
13600 14600
13000 12300
13400 11500
13100 10400
13200 13700
34
5200 17200
7100 17200
9300 18700
9600 15400
7300 17600
8400 19200
7700 17000
9800 17700
6600 18500
8000 16400
6100 18500
7500 17100
7300 17700
5400 15500
9600 17400
6100 17000
8700 16500
7100 18800
8400 15300
8100 17200
5900 15600
8800 18900
7500 15100
7400 18800
5600 16000
6400 17300
5900 16800
8200 19500
5700 16300
9200 16200
5200 19400
9900 17200
8500 18900
8700 18700
28
1600 19200
1300 17300
4700 19200
2400 16100
2000 18500
2600 16500
400 19100
3400 17800
4800 15700
2100 15100
1800 18000
4800 15400
3600 15400
400 17900
2300 15300
3100 15600
2900 15900
1800 17300
2300 16600
1200 17700
2100 19100
4900 15500
1000 15500
2000 17800
3400 17000
3900 15800
4800 17400
1800 18200
27
4100 10300
1100 12100
700 13400
2000 11500
4300 13000
2500 14300
1000 14900
500 12500
1300 14100
1700 12900
1900 13400
2400 11800
3700 13200
1200 11200
4200 14500
4000 12600
2100 11600
1400 10600
4500 11000
1200 13300
3500 10400
1500 11800
2700 13900
3300 13000
1700 13600
2300 14700
3100 10800
32
5700 13200
7500 11400
5500 11500
5200 10600
8400 13700
5700 12900
8400 12200
9800 10400
6900 13900
8400 14200
9300 13000
7000 11200
8300 14700
8600 11400
8400 11300
6400 14600
6300 12400
7100 13800
8100 14000
7100 10600
8700 11400
6000 13000
9900 11600
9400 13600
9100 14300
8600 13000
8600 11300
8700 13800
9700 10900
5200 14400
5600 11700
5300 11600
27
1400 6700
4400 6200
2700 7500
900 8900
2900 5500
4600 8100
4400 5100
3100 6700
2200 9700
3500 6800
400 5800
900 6100
4900 8000
3500 7800
4900 8300
2800 7700
2700 6600
2000 9800
800 6400
4400 6500
2800 8200
600 7100
1900 8300
2600 9700
4200 8200
3400 9000
1900 8600
23
1100 1500
1400 2700
3100 700
4600 1600
2400 1400
4700 4300
1100 300
1900 200
3700 500
3800 2300
1000 2200
2100 2400
700 500
2800 3600
3100 4400
4100 3000
2100 4100
4000 1700
4600 4900
2600 2800
4400 2300
900 3700
1400 700
23
6400 3700
5100 4000
6600 3700
9500 4300
6400 4600
8500 2900
8800 4200
6200 4000
7700 1800
9100 2800
8500 4800
6800 1500
6200 3300
8400 1700
6300 2900
8800 3300
6900 2400
6800 700
7800 4200
6300 1400
6500 1800
5500 1900
5900 2600
26
9400 9200
9300 8000
5300 9000
6700 5400
6600 9100
6300 8200
8000 7000
6100 9200
6300 7100
6900 5300
8200 7800
7000 6200
7200 5900
6800 5200
9500 6200
7900 5100
8400 9200
6100 9300
5400 8400
7600 7800
7300 6100
8400 7600
9000 9000
6000 8400
7700 7400
5800 6400
37
10200 2400
12600 3400
10400 1700
12200 4100
11200 4200
13800 700
12000 2900
10200 1600
11500 2000
10200 2100
12900 3300
14300 3200
14100 4000
12500 4600
13100 3800
12500 5000
12400 4800
11100 2600
13700 400
14700 3800
12000 4000
13500 4900
12300 4700
10300 1900
13800 900
13300 4100
12100 1700
13100 3200
12400 3300
14900 4500
13000 3100
10600 1600
12200 2500
13100 1300
11200 4500
13400 1100
13300 3200
30
17400 3400
17300 2000
16600 2000
18300 4300
19100 1100
17200 1100
19500 500
17000 2900
18000 2000
17100 3000
19500 2600
16600 600
18900 800
18800 1400
16600 500
17000 4100
17100 4100
19600 2400
18700 2700
17800 3200
17700 4700
15600 2900
18500 1400
19000 2000
18600 4900
15900 4100
16000 900
17300 600
19100 900
19100 3900
29
17200 6800
18700 9000
17000 7800
19400 5700
19100 5900
15200 8000
16200 5100
17600 9500
15400 6600
16600 7300
16100 9700
15000 6100
15200 8300
17800 5100
15400 7000
19700 5800
17000 7500
16600 9000
16300 6000
17500 8100
17300 6700
17400 8500
18800 8400
19500 5900
18600 7900
17800 6400
17400 7200
18400 7800
15800 6400
36
10400 5900
12200 7900
11900 8300
14200 6900
14300 6300
10400 7800
12800 5600
13900 9400
13300 9400
10400 7200
13700 6900
11800 7800
14300 9700
10100 6900
11000 7200
13500 5800
12900 6900
13600 5100
10400 7500
12500 7700
14900 6400
13000 9800
11900 9600
10500 7800
11100 5600
11600 9800
14400 7300
11400 8300
12600 9600
10900 8400
13700 5800
10600 9800
13600 6600
10400 9200
12700 8400
11200 9600
12383 11494
6515 12392
7558 6512
13332 6974
17357 13510
18148 18109
12088 18217
12383 11494
7116 18239
2727 16433
3089 13427
6515 12392
1708 7290
3316 1903
6620 2192
7558 6512
11894 3476
16425 2502
17785 8369
13332 6974
