9999.0 9999.0 16.14578351304142 16.512034406759213 18.755595545063347 18.50345001614564 18.10802491300473 16.42445786776538 8.972715140914707 5.733621630348484 4.8357850448505255 2.35440374617439 11.25056518580289 5.9555198765515005 4.665567168094357 9.605395202697284 5.3767943051599065 8.029926338391903 2.2693428564234184 9999.0 9999.0 9999.0 9999.0 9999.0 9999.0 9999.0 9999.0 9999.0 9999.0 9999.0 9999.0 9999.0 9999.0 9999.0 9999.0 9999.0 9999.0 9999.0 9999.0 9999.0 9999.0 9999.0 9999.0 9999.0 9999.0 9999.0 9999.0
9999.0 9999.0 13.770680538738818 14.17981283374361 16.257668052337642 18.2125271516613 18.17044526146787 16.499220663413166 6.226476150279546 2.9876253530186814 5.626873488003795 4.68611835637983 8.730910906085343 7.3011441055494855 4.272464774576848 11.544804253429332 5.128348198981812 7.554949056744195 3.9599059647925987 9999.0 9999.0 9999.0 9999.0 9999.0 9999.0 9999.0 9999.0 9999.0 9999.0 9999.0 9999.0 9999.0 9999.0 9999.0 9999.0 9999.0 9999.0 9999.0 9999.0 9999.0 9999.0 9999.0 9999.0 9999.0 9999.0 9999.0 9999.0
16.14578351304142 13.770680538738818 9999.0 9999.0 9999.0 15.28827440393454 16.975878607600844 16.01478847815356 9999.0 9999.0 9999.0 9999.0 9999.0 9999.0 9999.0 9999.0 9999.0 9999.0 9999.0 8.06856748438036 12.84561720004142 8.339720094223788 4.724101104972246 9.71475842468561 8.409600540453749 6.585926757108675 9.322512067570628 7.4605550229188715 4.67935692697191 7.807860222237588 7.416241045839867 8.33348554027665 5.479236374715002 6.09364269136286 4.888740251844027 10.478605882940727 9999.0 9999.0 9999.0 9999.0 9999.0 9999.0 9999.0 9999.0 9999.0 9999.0 9999.0
16.512034406759213 14.17981283374361 9999.0 9999.0 9999.0 14.95416233862666 16.693340618342393 15.778158970551667 9999.0 9999.0 9999.0 9999.0 9999.0 9999.0 9999.0 9999.0 9999.0 9999.0 9999.0 7.59034342108445 13.03860856264962 7.74905240981115 5.260428998665413 9.13022251919415 7.8851387590834445 6.6801244936004 9.358259092908254 6.899725592369598 5.086109834637864 7.367629418612204 7.877859052432964 8.642645037834193 6.017882787991138 5.851022410656107 4.610961206733363 10.769406355505394 9999.0 9999.0 9999.0 9999.0 9999.0 9999.0 9999.0 9999.0 9999.0 9999.0 9999.0
18.755595545063347 16.257668052337642 9999.0 9999.0 9999.0 17.66117791230245 19.50171050190213 18.659818648636435 9999.0 9999.0 9999.0 9999.0 9999.0 9999.0 9999.0 9999.0 9999.0 9999.0 9999.0 9.896797777564215 10.171573440230375 8.189508913848254 4.551313683981801 9.308853648543414 7.2296615584686945 3.7217007201009595 6.3730805934022206 8.6576155060155 3.375441637771271 9.83952266372714 6.199778725890142 6.1359763892961645 7.510256736623588 8.764394231776661 7.500633723226326 8.15313474989835 9999.0 9999.0 9999.0 9999.0 9999.0 9999.0 9999.0 9999.0 9999.0 9999.0 9999.0
18.50345001614564 18.2125271516613 15.28827440393454 14.95416233862666 17.66117791230245 9999.0 9999.0 9999.0 9999.0 9999.0 9999.0 9999.0 9999.0 9999.0 9999.0 9999.0 9999.0 9999.0 9999.0 9999.0 9999.0 9999.0 9999.0 9999.0 9999.0 9999.0 9999.0 9999.0 9999.0 9999.0 9999.0 9999.0 9999.0 9999.0 9999.0 9999.0 3.1938751541035537 2.621314269598363 8.98933192734588 6.1985593890838855 3.4813917475630345 12.085058481447247 8.817028325915711 5.704952979648474 3.4789349663366806 5.566820322230636 6.755515413349303
18.10802491300473 18.17044526146787 16.975878607600844 16.693340618342393 19.50171050190213 9999.0 9999.0 9999.0 9999.0 9999.0 9999.0 9999.0 9999.0 9999.0 9999.0 9999.0 9999.0 9999.0 9999.0 9999.0 9999.0 9999.0 9999.0 9999.0 9999.0 9999.0 9999.0 9999.0 9999.0 9999.0 9999.0 9999.0 9999.0 9999.0 9999.0 9999.0 0.9917314404615798 4.925330572662103 8.436073212697954 8.429429473576489 5.0550500739359645 14.218538295127248 6.639855514241256 4.830634663271484 4.145736514782385 6.392275123146687 5.0862000796272255
16.42445786776538 16.499220663413166 16.01478847815356 15.778158970551667 18.659818648636435 9999.0 9999.0 9999.0 9999.0 9999.0 9999.0 9999.0 9999.0 9999.0 9999.0 9999.0 9999.0 9999.0 9999.0 9999.0 9999.0 9999.0 9999.0 9999.0 9999.0 9999.0 9999.0 9999.0 9999.0 9999.0 9999.0 9999.0 9999.0 9999.0 9999.0 9999.0 2.382967530202625 5.54436058080641 6.752531691891568 8.256432901077801 4.373932355444011 15.059476559628493 5.976741106154758 3.1564195301005222 2.982244834013465 5.1044523947236495 3.771297422638527
8.972715140914707 6.226476150279546 9999.0 9999.0 9999.0 9999.0 9999.0 9999.0 9999.0 3.3541019662496843 10.026464980241043 10.805207078071202 4.8373546489791295 11.947384651043926 7.830229881682912 16.517036659158933 9.062284480195927 9.354277096601319 9.888629834309707 9999.0 9999.0 9999.0 9999.0 9999.0 9999.0 9999.0 9999.0 9999.0 9999.0 9999.0 9999.0 9999.0 9999.0 9999.0 9999.0 9999.0 9999.0 9999.0 9999.0 9999.0 9999.0 9999.0 9999.0 9999.0 9999.0 9999.0 9999.0
5.733621630348484 2.9876253530186814 9999.0 9999.0 9999.0 9999.0 9999.0 9999.0 3.3541019662496843 9999.0 7.800000000000001 7.459390055493814 6.037383539249432 9.66074531286277 5.8576872569299905 14.123119343827694 6.1077819214507 8.433415678122358 6.534906273237589 9999.0 9999.0 9999.0 9999.0 9999.0 9999.0 9999.0 9999.0 9999.0 9999.0 9999.0 9999.0 9999.0 9999.0 9999.0 9999.0 9999.0 9999.0 9999.0 9999.0 9999.0 9999.0 9999.0 9999.0 9999.0 9999.0 9999.0 9999.0
4.8357850448505255 5.626873488003795 9999.0 9999.0 9999.0 9999.0 9999.0 9999.0 10.026464980241043 7.800000000000001 9999.0 6.723280449304491 13.829316685939332 1.9209372712298547 2.2299103120977755 6.491725502514721 10.077946219344495 3.9373214245220063 7.051595564125895 9999.0 9999.0 9999.0 9999.0 9999.0 9999.0 9999.0 9999.0 9999.0 9999.0 9999.0 9999.0 9999.0 9999.0 9999.0 9999.0 9999.0 9999.0 9999.0 9999.0 9999.0 9999.0 9999.0 9999.0 9999.0 9999.0 9999.0 9999.0
2.35440374617439 4.68611835637983 9999.0 9999.0 9999.0 9999.0 9999.0 9999.0 10.805207078071202 7.459390055493814 6.723280449304491 9999.0 12.330145984537246 7.386643351347079 6.948740893140281 10.200000000000001 4.7929635926011365 10.237431318450932 1.1715374513859982 9999.0 9999.0 9999.0 9999.0 9999.0 9999.0 9999.0 9999.0 9999.0 9999.0 9999.0 9999.0 9999.0 9999.0 9999.0 9999.0 9999.0 9999.0 9999.0 9999.0 9999.0 9999.0 9999.0 9999.0 9999.0 9999.0 9999.0 9999.0
11.25056518580289 8.730910906085343 9999.0 9999.0 9999.0 9999.0 9999.0 9999.0 4.8373546489791295 6.037383539249432 13.829316685939332 12.330145984537246 9999.0 15.697770542341356 11.815773355984787 20.1497518595143 8.728401915585692 13.93709080116794 11.194864894227173 9999.0 9999.0 9999.0 9999.0 9999.0 9999.0 9999.0 9999.0 9999.0 9999.0 9999.0 9999.0 9999.0 9999.0 9999.0 9999.0 9999.0 9999.0 9999.0 9999.0 9999.0 9999.0 9999.0 9999.0 9999.0 9999.0 9999.0 9999.0
5.9555198765515005 7.3011441055494855 9999.0 9999.0 9999.0 9999.0 9999.0 9999.0 11.947384651043926 9.66074531286277 1.9209372712298547 7.386643351347079 15.697770542341356 9999.0 4.137934267240116 4.5719251962384515 11.330710480812753 4.9590825764449615 7.974020316001208 9999.0 9999.0 9999.0 9999.0 9999.0 9999.0 9999.0 9999.0 9999.0 9999.0 9999.0 9999.0 9999.0 9999.0 9999.0 9999.0 9999.0 9999.0 9999.0 9999.0 9999.0 9999.0 9999.0 9999.0 9999.0 9999.0 9999.0 9999.0
4.665567168094357 4.272464774576848 9999.0 9999.0 9999.0 9999.0 9999.0 9999.0 7.830229881682912 5.8576872569299905 2.2299103120977755 6.948740893140281 11.815773355984787 4.137934267240116 9999.0 8.707755164219995 9.257564474525685 3.420526275297414 6.901630242196405 9999.0 9999.0 9999.0 9999.0 9999.0 9999.0 9999.0 9999.0 9999.0 9999.0 9999.0 9999.0 9999.0 9999.0 9999.0 9999.0 9999.0 9999.0 9999.0 9999.0 9999.0 9999.0 9999.0 9999.0 9999.0 9999.0 9999.0 9999.0
9.605395202697284 11.544804253429332 9999.0 9999.0 9999.0 9999.0 9999.0 9999.0 16.517036659158933 14.123119343827694 6.491725502514721 10.200000000000001 20.1497518595143 4.5719251962384515 8.707755164219995 9999.0 14.792312192487014 8.790051194390168 11.125308984473195 9999.0 9999.0 9999.0 9999.0 9999.0 9999.0 9999.0 9999.0 9999.0 9999.0 9999.0 9999.0 9999.0 9999.0 9999.0 9999.0 9999.0 9999.0 9999.0 9999.0 9999.0 9999.0 9999.0 9999.0 9999.0 9999.0 9999.0 9999.0
5.3767943051599065 5.128348198981812 9999.0 9999.0 9999.0 9999.0 9999.0 9999.0 9.062284480195927 6.1077819214507 10.077946219344495 4.7929635926011365 8.728401915585692 11.330710480812753 9.257564474525685 14.792312192487014 9999.0 12.63299251958933 3.7107950630558943 9999.0 9999.0 9999.0 9999.0 9999.0 9999.0 9999.0 9999.0 9999.0 9999.0 9999.0 9999.0 9999.0 9999.0 9999.0 9999.0 9999.0 9999.0 9999.0 9999.0 9999.0 9999.0 9999.0 9999.0 9999.0 9999.0 9999.0 9999.0
8.029926338391903 7.554949056744195 9999.0 9999.0 9999.0 9999.0 9999.0 9999.0 9.354277096601319 8.433415678122358 3.9373214245220063 10.237431318450932 13.93709080116794 4.9590825764449615 3.420526275297414 8.790051194390168 12.63299251958933 9999.0 10.28895038378551 9999.0 9999.0 9999.0 9999.0 9999.0 9999.0 9999.0 9999.0 9999.0 9999.0 9999.0 9999.0 9999.0 9999.0 9999.0 9999.0 9999.0 9999.0 9999.0 9999.0 9999.0 9999.0 9999.0 9999.0 9999.0 9999.0 9999.0 9999.0
2.2693428564234184 3.9599059647925987 9999.0 9999.0 9999.0 9999.0 9999.0 9999.0 9.888629834309707 6.534906273237589 7.051595564125895 1.1715374513859982 11.194864894227173 7.974020316001208 6.901630242196405 11.125308984473195 3.7107950630558943 10.28895038378551 9999.0 9999.0 9999.0 9999.0 9999.0 9999.0 9999.0 9999.0 9999.0 9999.0 9999.0 9999.0 9999.0 9999.0 9999.0 9999.0 9999.0 9999.0 9999.0 9999.0 9999.0 9999.0 9999.0 9999.0 9999.0 9999.0 9999.0 9999.0 9999.0
9999.0 9999.0 8.06856748438036 7.59034342108445 9.896797777564215 9999.0 9999.0 9999.0 9999.0 9999.0 9999.0 9999.0 9999.0 9999.0 9999.0 9999.0 9999.0 9999.0 9999.0 9999.0 19.892963580120487 6.02432568840696 12.764109839702883 7.1780916684032405 8.595929269136642 13.397947604017565 15.574739163144915 2.2847319317591728 12.657013865837392 0.8077747210701756 15.468193171796118 16.009996876951604 11.681716483462521 3.92587569849072 4.094203219186854 18.04993074778959 9999.0 9999.0 9999.0 9999.0 9999.0 9999.0 9999.0 9999.0 9999.0 9999.0 9999.0
9999.0 9999.0 12.84561720004142 13.03860856264962 10.171573440230375 9999.0 9999.0 9999.0 9999.0 9999.0 9999.0 9999.0 9999.0 9999.0 9999.0 9999.0 9999.0 9999.0 9999.0 19.892963580120487 9999.0 16.484310722623498 10.067894516729902 16.966584806613263 14.10319112825179 6.507303589045159 4.65966737010272 18.309833423600555 8.720665112249181 19.927430842936076 7.604275113381946 4.992995093127972 14.74050541874328 18.888687090425318 17.639515299463305 3.132091952673165 9999.0 9999.0 9999.0 9999.0 9999.0 9999.0 9999.0 9999.0 9999.0 9999.0 9999.0
9999.0 9999.0 8.339720094223788 7.74905240981115 8.189508913848254 9999.0 9999.0 9999.0 9999.0 9999.0 9999.0 9999.0 9999.0 9999.0 9999.0 9999.0 9999.0 9999.0 9999.0 6.02432568840696 16.484310722623498 9999.0 12.503199590504826 1.4773286702694157 2.8814059068447815 10.52675163571365 11.837651794169314 3.75 11.561682403525882 6.657702306351644 14.378890777803411 13.810593759864203 13.635981812836215 8.58283170055198 7.825918476447349 15.476191391941367 9999.0 9999.0 9999.0 9999.0 9999.0 9999.0 9999.0 9999.0 9999.0 9999.0 9999.0
9999.0 9999.0 4.724101104972246 5.260428998665413 4.551313683981801 9999.0 9999.0 9999.0 9999.0 9999.0 9999.0 9999.0 9999.0 9999.0 9999.0 9999.0 9999.0 9999.0 9999.0 12.764109839702883 10.067894516729902 12.503199590504826 9999.0 13.728892890542921 11.77762709547216 5.558102194094672 8.149846624323676 12.15370313937279 1.8062391868188443 12.45090358166828 3.018691769624716 5.075677294706589 4.695742752749559 10.298786336263124 9.249054005680795 7.126184112131822 9999.0 9999.0 9999.0 9999.0 9999.0 9999.0 9999.0 9999.0 9999.0 9999.0 9999.0
9999.0 9999.0 9.71475842468561 9.13022251919415 9.308853648543414 9999.0 9999.0 9999.0 9999.0 9999.0 9999.0 9999.0 9999.0 9999.0 9999.0 9999.0 9999.0 9999.0 9999.0 7.1780916684032405 16.966584806613263 1.4773286702694157 13.728892890542921 9999.0 2.885307609250702 11.29690223025764 12.308228954646564 4.970412457734267 12.680102523244834 7.870355773406942 15.443445211480503 14.661684759944883 15.06361510395164 9.991621490028532 9.276987657639735 16.206942956646696 9999.0 9999.0 9999.0 9999.0 9999.0 9999.0 9999.0 9999.0 9999.0 9999.0 9999.0
9999.0 9999.0 8.409600540453749 7.8851387590834445 7.2296615584686945 9999.0 9999.0 9999.0 9999.0 9999.0 9999.0 9999.0 9999.0 9999.0 9999.0 9999.0 9999.0 9999.0 9999.0 8.595929269136642 14.10319112825179 2.8814059068447815 11.77762709547216 2.885307609250702 9999.0 8.635102778774552 9.45 6.328506932918696 10.5 9.125376704553078 13.119641763401926 12.04865137681392 13.888574440884854 10.458130808132015 9.469028461251979 13.473306943731371 9999.0 9999.0 9999.0 9999.0 9999.0 9999.0 9999.0 9999.0 9999.0 9999.0 9999.0
9999.0 9999.0 6.585926757108675 6.6801244936004 3.7217007201009595 9999.0 9999.0 9999.0 9999.0 9999.0 9999.0 9999.0 9999.0 9999.0 9999.0 9999.0 9999.0 9999.0 9999.0 13.397947604017565 6.507303589045159 10.52675163571365 5.558102194094672 11.29690223025764 8.635102778774552 9999.0 2.81824413420839 11.896428035339012 3.7529988009590416 13.420599837563149 5.161395160225576 3.4270978976387587 9.914761721796443 12.486092262994056 11.221965068560854 4.9522722057657536 9999.0 9999.0 9999.0 9999.0 9999.0 9999.0 9999.0 9999.0 9999.0 9999.0 9999.0
9999.0 9999.0 9.322512067570628 9.358259092908254 6.3730805934022206 9999.0 9999.0 9999.0 9999.0 9999.0 9999.0 9999.0 9999.0 9999.0 9999.0 9999.0 9999.0 9999.0 9999.0 15.574739163144915 4.65966737010272 11.837651794169314 8.149846624323676 12.308228954646564 9.45 2.81824413420839 9999.0 13.846389421072919 6.38690065681313 15.69346997958068 6.985878613317011 4.3603325561245905 12.660568707605517 15.067348804617218 13.795107828502102 4.620876540224809 9999.0 9999.0 9999.0 9999.0 9999.0 9999.0 9999.0 9999.0 9999.0 9999.0 9999.0
9999.0 9999.0 7.4605550229188715 6.899725592369598 8.6576155060155 9999.0 9999.0 9999.0 9999.0 9999.0 9999.0 9999.0 9999.0 9999.0 9999.0 9999.0 9999.0 9999.0 9999.0 2.2847319317591728 18.309833423600555 3.75 12.15370313937279 4.970412457734267 6.328506932918696 11.896428035339012 13.846389421072919 9999.0 11.734564329364767 2.91247317584214 14.612494653549064 14.7763324272297 11.944559430971072 5.267114959823831 4.8674942218763855 16.719449751711327 9999.0 9999.0 9999.0 9999.0 9999.0 9999.0 9999.0 9999.0 9999.0 9999.0 9999.0
9999.0 9999.0 4.67935692697191 5.086109834637864 3.375441637771271 9999.0 9999.0 9999.0 9999.0 9999.0 9999.0 9999.0 9999.0 9999.0 9999.0 9999.0 9999.0 9999.0 9999.0 12.657013865837392 8.720665112249181 11.561682403525882 1.8062391868188443 12.680102523244834 10.5 3.7529988009590416 6.38690065681313 11.734564329364767 9999.0 12.453613933312692 2.885307609250702 3.8418745424597094 6.308922253443927 10.696377891604241 9.53532904518769 6.0 9999.0 9999.0 9999.0 9999.0 9999.0 9999.0 9999.0 9999.0 9999.0 9999.0 9999.0
9999.0 9999.0 7.807860222237588 7.367629418612204 9.83952266372714 9999.0 9999.0 9999.0 9999.0 9999.0 9999.0 9999.0 9999.0 9999.0 9999.0 9999.0 9999.0 9999.0 9999.0 0.8077747210701756 19.927430842936076 6.657702306351644 12.45090358166828 7.870355773406942 9.125376704553078 13.420599837563149 15.69346997958068 2.91247317584214 12.453613933312692 9999.0 15.224076326661004 15.906366649866964 11.114180131705622 3.189043743820395 3.5114099732158874 17.978111691721132 9999.0 9999.0 9999.0 9999.0 9999.0 9999.0 9999.0 9999.0 9999.0 9999.0 9999.0
9999.0 9999.0 7.416241045839867 7.877859052432964 6.199778725890142 9999.0 9999.0 9999.0 9999.0 9999.0 9999.0 9999.0 9999.0 9999.0 9999.0 9999.0 9999.0 9999.0 9999.0 15.468193171796118 7.604275113381946 14.378890777803411 3.018691769624716 15.443445211480503 13.119641763401926 5.161395160225576 6.985878613317011 14.612494653549064 2.885307609250702 15.224076326661004 9999.0 2.853944638566067 7.337744885181006 13.248490480050924 12.15370313937279 4.494997219131509 9999.0 9999.0 9999.0 9999.0 9999.0 9999.0 9999.0 9999.0 9999.0 9999.0 9999.0
9999.0 9999.0 8.33348554027665 8.642645037834193 6.1359763892961645 9999.0 9999.0 9999.0 9999.0 9999.0 9999.0 9999.0 9999.0 9999.0 9999.0 9999.0 9999.0 9999.0 9999.0 16.009996876951604 4.992995093127972 13.810593759864203 5.075677294706589 14.661684759944883 12.04865137681392 3.4270978976387587 4.3603325561245905 14.7763324272297 3.8418745424597094 15.906366649866964 2.853944638566067 9999.0 9.75 14.422638454873644 13.221289649652185 2.1633307652783933 9999.0 9999.0 9999.0 9999.0 9999.0 9999.0 9999.0 9999.0 9999.0 9999.0 9999.0
9999.0 9999.0 5.479236374715002 6.017882787991138 7.510256736623588 9999.0 9999.0 9999.0 9999.0 9999.0 9999.0 9999.0 9999.0 9999.0 9999.0 9999.0 9999.0 9999.0 9999.0 11.681716483462521 14.74050541874328 13.635981812836215 4.695742752749559 15.06361510395164 13.888574440884854 9.914761721796443 12.660568707605517 11.944559430971072 6.308922253443927 11.114180131705622 7.337744885181006 9.75 9999.0 8.185658189785352 7.604275113381946 11.735522996441189 9999.0 9999.0 9999.0 9999.0 9999.0 9999.0 9999.0 9999.0 9999.0 9999.0 9999.0
9999.0 9999.0 6.09364269136286 5.851022410656107 8.764394231776661 9999.0 9999.0 9999.0 9999.0 9999.0 9999.0 9999.0 9999.0 9999.0 9999.0 9999.0 9999.0 9999.0 9999.0 3.92587569849072 18.888687090425318 8.58283170055198 10.298786336263124 9.991621490028532 10.458130808132015 12.486092262994056 15.067348804617218 5.267114959823831 10.696377891604241 3.189043743820395 13.248490480050924 14.422638454873644 8.185658189785352 9999.0 1.2727922061357857 16.571436268471118 9999.0 9999.0 9999.0 9999.0 9999.0 9999.0 9999.0 9999.0 9999.0 9999.0 9999.0
9999.0 9999.0 4.888740251844027 4.610961206733363 7.500633723226326 9999.0 9999.0 9999.0 9999.0 9999.0 9999.0 9999.0 9999.0 9999.0 9999.0 9999.0 9999.0 9999.0 9999.0 4.094203219186854 17.639515299463305 7.825918476447349 9.249054005680795 9.276987657639735 9.469028461251979 11.221965068560854 13.795107828502102 4.8674942218763855 9.53532904518769 3.5114099732158874 12.15370313937279 13.221289649652185 7.604275113381946 1.2727922061357857 9999.0 15.362372863591093 9999.0 9999.0 9999.0 9999.0 9999.0 9999.0 9999.0 9999.0 9999.0 9999.0 9999.0
9999.0 9999.0 10.478605882940727 10.769406355505394 8.15313474989835 9999.0 9999.0 9999.0 9999.0 9999.0 9999.0 9999.0 9999.0 9999.0 9999.0 9999.0 9999.0 9999.0 9999.0 18.04993074778959 3.132091952673165 15.476191391941367 7.126184112131822 16.206942956646696 13.473306943731371 4.9522722057657536 4.620876540224809 16.719449751711327 6.0 17.978111691721132 4.494997219131509 2.1633307652783933 11.735522996441189 16.571436268471118 15.362372863591093 9999.0 9999.0 9999.0 9999.0 9999.0 9999.0 9999.0 9999.0 9999.0 9999.0 9999.0 9999.0
9999.0 9999.0 9999.0 9999.0 9999.0 3.1938751541035537 0.9917314404615798 2.382967530202625 9999.0 9999.0 9999.0 9999.0 9999.0 9999.0 9999.0 9999.0 9999.0 9999.0 9999.0 9999.0 9999.0 9999.0 9999.0 9999.0 9999.0 9999.0 9999.0 9999.0 9999.0 9999.0 9999.0 9999.0 9999.0 9999.0 9999.0 9999.0 9999.0 5.654423047491229 9.001249913206498 9.355479677707605 6.046693311223913 14.72752525036029 6.265979572261627 5.377034498680477 5.093378053904893 7.325469268244868 5.206966487312934
9999.0 9999.0 9999.0 9999.0 9999.0 2.621314269598363 4.925330572662103 5.54436058080641 9999.0 9999.0 9999.0 9999.0 9999.0 9999.0 9999.0 9999.0 9999.0 9999.0 9999.0 9999.0 9999.0 9999.0 9999.0 9999.0 9999.0 9999.0 9999.0 9999.0 9999.0 9999.0 9999.0 9999.0 9999.0 9999.0 9999.0 9999.0 5.654423047491229 9999.0 10.777058968011634 4.431986010808247 3.8710463701691817 9.525885785584457 11.43547113152755 7.883210006082548 4.9522722057657536 6.420280367709809 9.249054005680795
9999.0 9999.0 9999.0 9999.0 9999.0 8.98933192734588 8.436073212697954 6.752531691891568 9999.0 9999.0 9999.0 9999.0 9999.0 9999.0 9999.0 9999.0 9999.0 9999.0 9999.0 9999.0 9999.0 9999.0 9999.0 9999.0 9999.0 9999.0 9999.0 9999.0 9999.0 9999.0 9999.0 9999.0 9999.0 9999.0 9999.0 9999.0 9.001249913206498 10.777058968011634 9999.0 10.855067940828375 7.249827584156742 19.72086458550943 7.49699939975988 3.624913792078371 5.82494635168428 5.0601383380299 4.80936586256442
9999.0 9999.0 9999.0 9999.0 9999.0 6.1985593890838855 8.429429473576489 8.256432901077801 9999.0 9999.0 9999.0 9999.0 9999.0 9999.0 9999.0 9999.0 9999.0 9999.0 9999.0 9999.0 9999.0 9999.0 9999.0 9999.0 9999.0 9999.0 9999.0 9999.0 9999.0 9999.0 9999.0 9999.0 9999.0 9999.0 9999.0 9999.0 9.355479677707605 4.431986010808247 10.855067940828375 9999.0 4.1487950057818 9.27820025651527 14.097606179773928 9.228353049163216 5.971808771218314 5.795903725908497 11.277965242010636
9999.0 9999.0 9999.0 9999.0 9999.0 3.4813917475630345 5.0550500739359645 4.373932355444011 9999.0 9999.0 9999.0 9999.0 9999.0 9999.0 9999.0 9999.0 9999.0 9999.0 9999.0 9999.0 9999.0 9999.0 9999.0 9999.0 9999.0 9999.0 9999.0 9999.0 9999.0 9999.0 9999.0 9999.0 9999.0 9999.0 9999.0 9999.0 6.046693311223913 3.8710463701691817 7.249827584156742 4.1487950057818 9999.0 12.482487732819928 10.006248048094749 5.1088159097779196 1.8248287590894658 2.5544079548889598 7.130918594402829
9999.0 9999.0 9999.0 9999.0 9999.0 12.085058481447247 14.218538295127248 15.059476559628493 9999.0 9999.0 9999.0 9999.0 9999.0 9999.0 9999.0 9999.0 9999.0 9999.0 9999.0 9999.0 9999.0 9999.0 9999.0 9999.0 9999.0 9999.0 9999.0 9999.0 9999.0 9999.0 9999.0 9999.0 9999.0 9999.0 9999.0 9999.0 14.72752525036029 9.525885785584457 19.72086458550943 9.27820025651527 12.482487732819928 9999.0 20.852158161686766 17.281275994555497 14.094413787029243 14.761859638947934 18.7739846596294
9999.0 9999.0 9999.0 9999.0 9999.0 8.817028325915711 6.639855514241256 5.976741106154758 9999.0 9999.0 9999.0 9999.0 9999.0 9999.0 9999.0 9999.0 9999.0 9999.0 9999.0 9999.0 9999.0 9999.0 9999.0 9999.0 9999.0 9999.0 9999.0 9999.0 9999.0 9999.0 9999.0 9999.0 9999.0 9999.0 9999.0 9999.0 6.265979572261627 11.43547113152755 7.49699939975988 14.097606179773928 10.006248048094749 20.852158161686766 9999.0 5.51951084789223 8.25136352368504 9.604686356149273 3.181980515339464
9999.0 9999.0 9999.0 9999.0 9999.0 5.704952979648474 4.830634663271484 3.1564195301005222 9999.0 9999.0 9999.0 9999.0 9999.0 9999.0 9999.0 9999.0 9999.0 9999.0 9999.0 9999.0 9999.0 9999.0 9999.0 9999.0 9999.0 9999.0 9999.0 9999.0 9999.0 9999.0 9999.0 9999.0 9999.0 9999.0 9999.0 9999.0 5.377034498680477 7.883210006082548 3.624913792078371 9.228353049163216 5.1088159097779196 17.281275994555497 5.51951084789223 9999.0 3.3 4.118859065323794 2.3430749027719964
9999.0 9999.0 9999.0 9999.0 9999.0 3.4789349663366806 4.145736514782385 2.982244834013465 9999.0 9999.0 9999.0 9999.0 9999.0 9999.0 9999.0 9999.0 9999.0 9999.0 9999.0 9999.0 9999.0 9999.0 9999.0 9999.0 9999.0 9999.0 9999.0 9999.0 9999.0 9999.0 9999.0 9999.0 9999.0 9999.0 9999.0 9999.0 5.093378053904893 4.9522722057657536 5.82494635168428 5.971808771218314 1.8248287590894658 14.094413787029243 8.25136352368504 3.3 9999.0 2.2549944567559366 5.316013544000805
9999.0 9999.0 9999.0 9999.0 9999.0 5.566820322230636 6.392275123146687 5.1044523947236495 9999.0 9999.0 9999.0 9999.0 9999.0 9999.0 9999.0 9999.0 9999.0 9999.0 9999.0 9999.0 9999.0 9999.0 9999.0 9999.0 9999.0 9999.0 9999.0 9999.0 9999.0 9999.0 9999.0 9999.0 9999.0 9999.0 9999.0 9999.0 7.325469268244868 6.420280367709809 5.0601383380299 5.795903725908497 2.5544079548889598 14.761859638947934 9.604686356149273 4.118859065323794 2.2549944567559366 9999.0 6.45174395028197
9999.0 9999.0 9999.0 9999.0 9999.0 6.755515413349303 5.0862000796272255 3.771297422638527 9999.0 9999.0 9999.0 9999.0 9999.0 9999.0 9999.0 9999.0 9999.0 9999.0 9999.0 9999.0 9999.0 9999.0 9999.0 9999.0 9999.0 9999.0 9999.0 9999.0 9999.0 9999.0 9999.0 9999.0 9999.0 9999.0 9999.0 9999.0 5.206966487312934 9.249054005680795 4.80936586256442 11.277965242010636 7.130918594402829 18.7739846596294 3.181980515339464 2.3430749027719964 5.316013544000805 6.45174395028197 9999.0
-1 -1 -1 -1 -1 -1 -1 -1 -1 -1 -1 -1 -1 -1 -1 -1 -1 -1 -1 -1 -1 -1 -1 -1 -1 -1 -1 -1 -1 -1 -1 -1 -1 -1 -1 -1 -1 -1 -1 -1 -1 -1 -1 -1 -1 -1 -1 -1 -1 -1 -1 -1 -1 -1 -1 -1 -1 -1 -1 -1 -1 -1 -1 -1 -1 -1 -1 -1 -1 -1 -1 -1 -1 -1 -1 -1 -1 -1 -1 -1 -1 -1 -1 -1 -1 -1 -1 -1 -1 -1 -1 -1 -1 -1 -1 -1 -1 -1 -1 -1
9999.0 9999.0 16.14578351304142 16.512034406759213 18.755595545063347 18.50345001614564 18.10802491300473 16.42445786776538 5.628909041723804 8.278756971913115 6.2542719000695834 6.590046813187293 11.20158100448325 7.8966775925068635 2.776601699920246 8.58299580566133 6.6077089070267006 0.8695498835604545 9.90218748560135 9999.0 9999.0 9999.0 9999.0 9999.0 9999.0 9999.0 9999.0 9999.0 9999.0 9999.0 9999.0 9999.0 9999.0 9999.0 9999.0 9999.0 9999.0 9999.0 9999.0 9999.0 9999.0 9999.0 9999.0 9999.0 9999.0 9999.0 9999.0
9999.0 9999.0 13.770680538738818 14.17981283374361 16.257668052337642 18.2125271516613 18.17044526146787 16.499220663413166 3.2285453767912258 7.154900785475645 4.910769313457923 3.8833690592061934 9.050541710306627 6.007433332963422 0.09568307060290236 5.842662513785989 5.651292352196974 3.6081373657331843 7.174528224907894 9999.0 9999.0 9999.0 9999.0 9999.0 9999.0 9999.0 9999.0 9999.0 9999.0 9999.0 9999.0 9999.0 9999.0 9999.0 9999.0 9999.0 9999.0 9999.0 9999.0 9999.0 9999.0 9999.0 9999.0 9999.0 9999.0 9999.0 9999.0
16.14578351304142 13.770680538738818 9999.0 9999.0 9999.0 15.28827440393454 16.975878607600844 16.01478847815356 9999.0 9999.0 9999.0 9999.0 9999.0 9999.0 9999.0 9999.0 9999.0 9999.0 9999.0 6.1736116860392185 5.583290360531144 4.416353841122788 6.938099974056299 4.5894913933899035 5.752676007737616 14.647369431061675 2.267196782372452 12.568597027910474 10.245068630809655 6.3080528889666105 7.070543207561919 5.947708066978406 8.996439920879814 8.544172356056496 9.182245436166472 4.407939569685592 9999.0 9999.0 9999.0 9999.0 9999.0 9999.0 9999.0 9999.0 9999.0 9999.0 9999.0
16.512034406759213 14.17981283374361 9999.0 9999.0 9999.0 14.95416233862666 16.693340618342393 15.778158970551667 9999.0 9999.0 9999.0 9999.0 9999.0 9999.0 9999.0 9999.0 9999.0 9999.0 9999.0 6.591286919107679 5.7005756946119055 4.219272834268957 6.941438125489559 3.9972444571229313 5.176351345301051 14.05194339762298 2.2324903695201015 11.97889866598762 9.648920315247711 5.92800246710475 6.684367079237943 5.559218762560078 9.591572511846012 9.084567312205905 9.671652560446947 3.8123369801212488 9999.0 9999.0 9999.0 9999.0 9999.0 9999.0 9999.0 9999.0 9999.0 9999.0 9999.0
18.755595545063347 16.257668052337642 9999.0 9999.0 9999.0 17.66117791230245 19.50171050190213 18.659818648636435 9999.0 9999.0 9999.0 9999.0 9999.0 9999.0 9999.0 9999.0 9999.0 9999.0 9999.0 4.7342587857023615 8.564937609229855 1.805133305326784 3.963641791332814 5.50449418657155 6.861844230962984 14.823068381748769 0.7563109479572538 13.057999703247049 10.311627235795523 4.276243240275277 5.003669278639427 8.235262973943213 9.566334525302782 8.015310739453586 8.097002917746789 5.196504233617056 9999.0 9999.0 9999.0 9999.0 9999.0 9999.0 9999.0 9999.0 9999.0 9999.0 9999.0
18.50345001614564 18.2125271516613 15.28827440393454 14.95416233862666 17.66117791230245 9999.0 9999.0 9999.0 9999.0 9999.0 9999.0 9999.0 9999.0 9999.0 9999.0 9999.0 9999.0 9999.0 9999.0 9999.0 9999.0 9999.0 9999.0 9999.0 9999.0 9999.0 9999.0 9999.0 9999.0 9999.0 9999.0 9999.0 9999.0 9999.0 9999.0 9999.0 1.851455778569934 10.960362151863412 7.029337699954386 0.6157422350302113 2.4874260793036647 12.14382305948172 6.682513636349723 4.292754185834545 5.357185688400207 4.050696051297852 8.116636526295853
18.10802491300473 18.17044526146787 16.975878607600844 16.693340618342393 19.50171050190213 9999.0 9999.0 9999.0 9999.0 9999.0 9999.0 9999.0 9999.0 9999.0 9999.0 9999.0 9999.0 9999.0 9999.0 9999.0 9999.0 9999.0 9999.0 9999.0 9999.0 9999.0 9999.0 9999.0 9999.0 9999.0 9999.0 9999.0 9999.0 9999.0 9999.0 9999.0 4.1107458264893975 9.300619939014819 9.11925058598567 2.6966333176759494 4.736515728887639 14.229800815542008 4.4012988139866165 6.42713242822956 6.292446364491317 6.118588991752919 8.73305681018966
16.42445786776538 16.499220663413166 16.01478847815356 15.778158970551667 18.659818648636435 9999.0 9999.0 9999.0 9999.0 9999.0 9999.0 9999.0 9999.0 9999.0 9999.0 9999.0 9999.0 9999.0 9999.0 9999.0 9999.0 9999.0 9999.0 9999.0 9999.0 9999.0 9999.0 9999.0 9999.0 9999.0 9999.0 9999.0 9999.0 9999.0 9999.0 9999.0 4.26084313839409 7.994225056251544 10.01910097014697 2.988199165049077 4.7994827065007755 15.129654135174405 4.088481900412425 7.281877110333571 5.069554640202629 7.042175391879983 7.272044709020977
5.628909041723804 3.2285453767912258 9999.0 9999.0 9999.0 9999.0 9999.0 9999.0 9999.0 9.024965373894794 6.882041848172677 1.710263137648707 5.834595101633017 3.0335622624235024 3.153569406244296 4.3292609068985435 7.85891213845784 6.367495583037337 5.622499444197394 9999.0 9999.0 9999.0 9999.0 9999.0 9999.0 9999.0 9999.0 9999.0 9999.0 9999.0 9999.0 9999.0 9999.0 9999.0 9999.0 9999.0 9999.0 9999.0 9999.0 9999.0 9999.0 9999.0 9999.0 9999.0 9999.0 9999.0 9999.0
8.278756971913115 7.154900785475645 9999.0 9999.0 9999.0 9999.0 9999.0 9999.0 9.024965373894794 9999.0 2.25 8.119421161634616 14.030413393767127 12.000937463381767 7.2405110316883015 7.404897028318491 1.6770509831248421 8.922163414777831 7.830229881682912 9999.0 9999.0 9999.0 9999.0 9999.0 9999.0 9999.0 9999.0 9999.0 9999.0 9999.0 9999.0 9999.0 9999.0 9999.0 9999.0 9999.0 9999.0 9999.0 9999.0 9999.0 9999.0 9999.0 9999.0 9999.0 9999.0 9999.0 9999.0
6.2542719000695834 4.910769313457923 9999.0 9999.0 9999.0 9999.0 9999.0 9999.0 6.882041848172677 2.25 9999.0 6.157312725532138 12.150925890647182 9.895453501482384 4.995247741604014 5.988739433303139 1.0606601717798212 6.972983579501676 6.74166151627327 9999.0 9999.0 9999.0 9999.0 9999.0 9999.0 9999.0 9999.0 9999.0 9999.0 9999.0 9999.0 9999.0 9999.0 9999.0 9999.0 9999.0 9999.0 9999.0 9999.0 9999.0 9999.0 9999.0 9999.0 9999.0 9999.0 9999.0 9999.0
6.590046813187293 3.8833690592061934 9999.0 9999.0 9999.0 9999.0 9999.0 9999.0 1.710263137648707 8.119421161634616 6.157312725532138 9999.0 6.0018747071227665 4.0388736053508785 3.8418745424597094 2.619637379485947 7.201562330494682 7.409453421137082 3.92587569849072 9999.0 9999.0 9999.0 9999.0 9999.0 9999.0 9999.0 9999.0 9999.0 9999.0 9999.0 9999.0 9999.0 9999.0 9999.0 9999.0 9999.0 9999.0 9999.0 9999.0 9999.0 9999.0 9999.0 9999.0 9999.0 9999.0 9999.0 9999.0
11.20158100448325 9.050541710306627 9999.0 9999.0 9999.0 9999.0 9999.0 9999.0 5.834595101633017 14.030413393767127 12.150925890647182 6.0018747071227665 9999.0 3.40073521462639 8.971203932583407 7.022819946431775 13.2 11.815773355984787 7.460898069267533 9999.0 9999.0 9999.0 9999.0 9999.0 9999.0 9999.0 9999.0 9999.0 9999.0 9999.0 9999.0 9999.0 9999.0 9999.0 9999.0 9999.0 9999.0 9999.0 9999.0 9999.0 9999.0 9999.0 9999.0 9999.0 9999.0 9999.0 9999.0
7.8966775925068635 6.007433332963422 9999.0 9999.0 9999.0 9999.0 9999.0 9999.0 3.0335622624235024 12.000937463381767 9.895453501482384 4.0388736053508785 3.40073521462639 9999.0 5.918825897084657 6.16644143732834 10.885081533916042 8.465370635713477 7.156116265125938 9999.0 9999.0 9999.0 9999.0 9999.0 9999.0 9999.0 9999.0 9999.0 9999.0 9999.0 9999.0 9999.0 9999.0 9999.0 9999.0 9999.0 9999.0 9999.0 9999.0 9999.0 9999.0 9999.0 9999.0 9999.0 9999.0 9999.0 9999.0
2.776601699920246 0.09568307060290236 9999.0 9999.0 9999.0 9999.0 9999.0 9999.0 3.153569406244296 7.2405110316883015 4.995247741604014 3.8418745424597094 8.971203932583407 5.918825897084657 9999.0 5.834595101633017 5.741297762701391 3.624913792078371 7.170251041630273 9999.0 9999.0 9999.0 9999.0 9999.0 9999.0 9999.0 9999.0 9999.0 9999.0 9999.0 9999.0 9999.0 9999.0 9999.0 9999.0 9999.0 9999.0 9999.0 9999.0 9999.0 9999.0 9999.0 9999.0 9999.0 9999.0 9999.0 9999.0
8.58299580566133 5.842662513785989 9999.0 9999.0 9999.0 9999.0 9999.0 9999.0 4.3292609068985435 7.404897028318491 5.988739433303139 2.619637379485947 7.022819946431775 6.16644143732834 5.834595101633017 9999.0 7.022819946431775 9.4452368948587 1.3583077707206126 9999.0 9999.0 9999.0 9999.0 9999.0 9999.0 9999.0 9999.0 9999.0 9999.0 9999.0 9999.0 9999.0 9999.0 9999.0 9999.0 9999.0 9999.0 9999.0 9999.0 9999.0 9999.0 9999.0 9999.0 9999.0 9999.0 9999.0 9999.0
6.6077089070267006 5.651292352196974 9999.0 9999.0 9999.0 9999.0 9999.0 9999.0 7.85891213845784 1.6770509831248421 1.0606601717798212 7.201562330494682 13.2 10.885081533916042 5.741297762701391 7.022819946431775 9999.0 7.245170805439993 7.7217226057402515 9999.0 9999.0 9999.0 9999.0 9999.0 9999.0 9999.0 9999.0 9999.0 9999.0 9999.0 9999.0 9999.0 9999.0 9999.0 9999.0 9999.0 9999.0 9999.0 9999.0 9999.0 9999.0 9999.0 9999.0 9999.0 9999.0 9999.0 9999.0
0.8695498835604545 3.6081373657331843 9999.0 9999.0 9999.0 9999.0 9999.0 9999.0 6.367495583037337 8.922163414777831 6.972983579501676 7.409453421137082 11.815773355984787 8.465370635713477 3.624913792078371 9.4452368948587 7.245170805439993 9999.0 10.767659912905867 9999.0 9999.0 9999.0 9999.0 9999.0 9999.0 9999.0 9999.0 9999.0 9999.0 9999.0 9999.0 9999.0 9999.0 9999.0 9999.0 9999.0 9999.0 9999.0 9999.0 9999.0 9999.0 9999.0 9999.0 9999.0 9999.0 9999.0 9999.0
9.90218748560135 7.174528224907894 9999.0 9999.0 9999.0 9999.0 9999.0 9999.0 5.622499444197394 7.830229881682912 6.74166151627327 3.92587569849072 7.460898069267533 7.156116265125938 7.170251041630273 1.3583077707206126 7.7217226057402515 10.767659912905867 9999.0 9999.0 9999.0 9999.0 9999.0 9999.0 9999.0 9999.0 9999.0 9999.0 9999.0 9999.0 9999.0 9999.0 9999.0 9999.0 9999.0 9999.0 9999.0 9999.0 9999.0 9999.0 9999.0 9999.0 9999.0 9999.0 9999.0 9999.0 9999.0
9999.0 9999.0 6.1736116860392185 6.591286919107679 4.7342587857023615 9999.0 9999.0 9999.0 9999.0 9999.0 9999.0 9999.0 9999.0 9999.0 9999.0 9999.0 9999.0 9999.0 9999.0 9999.0 10.620381349085351 5.9169248769948055 5.031152949374527 10.090218035305284 11.424644414597768 19.544948196401034 5.154852083231875 17.79002529509163 15.036705091209312 8.370483856982224 8.949860334105779 12.121262310502154 6.222740553807462 3.6124783736376886 3.370830758136635 9.806375477208693 9999.0 9999.0 9999.0 9999.0 9999.0 9999.0 9999.0 9999.0 9999.0 9999.0 9999.0
9999.0 9999.0 5.583290360531144 5.7005756946119055 8.564937609229855 9999.0 9999.0 9999.0 9999.0 9999.0 9999.0 9999.0 9999.0 9999.0 9999.0 9999.0 9999.0 9999.0 9999.0 10.620381349085351 9999.0 9.919299370419264 12.503199590504826 7.354590403278757 7.604275113381946 16.14225820633532 7.848885271170678 13.751818061623705 12.477980605851252 11.393090011054946 12.112906339933451 4.995247741604014 10.20441081101697 11.526599672062876 12.763228431709589 7.447314952383845 9999.0 9999.0 9999.0 9999.0 9999.0 9999.0 9999.0 9999.0 9999.0 9999.0 9999.0
9999.0 9999.0 4.416353841122788 4.219272834268957 1.805133305326784 9999.0 9999.0 9999.0 9999.0 9999.0 9999.0 9999.0 9999.0 9999.0 9999.0 9999.0 9999.0 9999.0 9999.0 5.9169248769948055 9.919299370419264 9999.0 3.220636583037584 5.377034498680477 6.689730936293327 13.788582233137678 2.25 12.224769936485513 9.325368625421731 2.5544079548889598 3.2449961479175906 8.738706998177705 11.25 9.42019108086455 9.257564474525685 5.042320894191484 9999.0 9999.0 9999.0 9999.0 9999.0 9999.0 9999.0 9999.0 9999.0 9999.0 9999.0
9999.0 9999.0 6.938099974056299 6.941438125489559 3.963641791332814 9999.0 9999.0 9999.0 9999.0 9999.0 9999.0 9999.0 9999.0 9999.0 9999.0 9999.0 9999.0 9999.0 9999.0 5.031152949374527 12.503199590504826 3.220636583037584 9999.0 8.590692637965812 9.888629834309707 16.316939051182363 4.710095540432275 15.000749981250939 12.003749414245533 4.5224440295044 4.802343178074636 11.91060451866319 11.200892821556682 8.571026776296991 7.85175139698144 8.255452743490208 9999.0 9999.0 9999.0 9999.0 9999.0 9999.0 9999.0 9999.0 9999.0 9999.0 9999.0
9999.0 9999.0 4.5894913933899035 3.9972444571229313 5.50449418657155 9999.0 9999.0 9999.0 9999.0 9999.0 9999.0 9999.0 9999.0 9999.0 9999.0 9999.0 9999.0 9999.0 9999.0 10.090218035305284 7.354590403278757 5.377034498680477 8.590692637965812 9999.0 1.3583077707206126 10.067894516729902 4.9522722057657536 7.983890029302758 5.73149195236284 5.224222430180399 5.741297762701391 3.891336531321854 13.583077707206126 12.96003472217571 13.366001645967279 0.33541019662496846 9999.0 9999.0 9999.0 9999.0 9999.0 9999.0 9999.0 9999.0 9999.0 9999.0 9999.0
9999.0 9999.0 5.752676007737616 5.176351345301051 6.861844230962984 9999.0 9999.0 9999.0 9999.0 9999.0 9999.0 9999.0 9999.0 9999.0 9999.0 9999.0 9999.0 9999.0 9999.0 11.424644414597768 7.604275113381946 6.689730936293327 9.888629834309707 1.3583077707206126 9999.0 9.066007941756945 6.3 6.868951885113187 4.9522722057657536 6.265979572261627 6.689730936293327 3.3305404966761776 14.692344945583056 14.224714408380928 14.680088555591208 1.6770509831248421 9999.0 9999.0 9999.0 9999.0 9999.0 9999.0 9999.0 9999.0 9999.0 9999.0 9999.0
9999.0 9999.0 14.647369431061675 14.05194339762298 14.823068381748769 9999.0 9999.0 9999.0 9999.0 9999.0 9999.0 9999.0 9999.0 9999.0 9999.0 9999.0 9999.0 9999.0 9999.0 19.544948196401034 16.14225820633532 13.788582233137678 16.316939051182363 10.067894516729902 9.066007941756945 9999.0 14.515939514891896 2.4186773244895647 4.512482686947397 11.7957619508025 11.574325034316256 11.160645142642965 23.64344518043003 22.769387343536497 22.914678701653227 10.239628899525606 9999.0 9999.0 9999.0 9999.0 9999.0 9999.0 9999.0 9999.0 9999.0 9999.0 9999.0
9999.0 9999.0 2.267196782372452 2.2324903695201015 0.7563109479572538 9999.0 9999.0 9999.0 9999.0 9999.0 9999.0 9999.0 9999.0 9999.0 9999.0 9999.0 9999.0 9999.0 9999.0 5.154852083231875 7.848885271170678 2.25 4.710095540432275 4.9522722057657536 6.3 14.515939514891896 9999.0 12.672115056295851 10.006248048094749 4.512482686947397 5.267114959823831 7.5134878718209155 9.54594154601839 8.255452743490208 8.477322690566874 4.65966737010272 9999.0 9999.0 9999.0 9999.0 9999.0 9999.0 9999.0 9999.0 9999.0 9999.0 9999.0
9999.0 9999.0 12.568597027910474 11.97889866598762 13.057999703247049 9999.0 9999.0 9999.0 9999.0 9999.0 9999.0 9999.0 9999.0 9999.0 9999.0 9999.0 9999.0 9999.0 9999.0 17.79002529509163 13.751818061623705 12.224769936485513 15.000749981250939 7.983890029302758 6.868951885113187 2.4186773244895647 12.672115056295851 9999.0 3.0335622624235024 10.517128885774863 10.437672154268881 8.76184911990614 21.54837580886318 20.876422107248167 21.141487648696817 8.193900170248599 9999.0 9999.0 9999.0 9999.0 9999.0 9999.0 9999.0 9999.0 9999.0 9999.0 9999.0
9999.0 9999.0 10.245068630809655 9.648920315247711 10.311627235795523 9999.0 9999.0 9999.0 9999.0 9999.0 9999.0 9999.0 9999.0 9999.0 9999.0 9999.0 9999.0 9999.0 9999.0 15.036705091209312 12.477980605851252 9.325368625421731 12.003749414245533 5.73149195236284 4.9522722057657536 4.512482686947397 10.006248048094749 3.0335622624235024 9999.0 7.501499850029992 7.404897028318491 7.7319143813159235 19.221082175569617 18.261229421920092 18.40543398021356 5.8576872569299905 9999.0 9999.0 9999.0 9999.0 9999.0 9999.0 9999.0 9999.0 9999.0 9999.0 9999.0
9999.0 9999.0 6.3080528889666105 5.92800246710475 4.276243240275277 9999.0 9999.0 9999.0 9999.0 9999.0 9999.0 9999.0 9999.0 9999.0 9999.0 9999.0 9999.0 9999.0 9999.0 8.370483856982224 11.393090011054946 2.5544079548889598 4.5224440295044 5.224222430180399 6.265979572261627 11.7957619508025 4.512482686947397 10.517128885774863 7.501499850029992 9999.0 0.7648529270389177 9.069729874698584 13.800815193313765 11.926650829130532 11.654720073858487 4.920365840057018 9999.0 9999.0 9999.0 9999.0 9999.0 9999.0 9999.0 9999.0 9999.0 9999.0 9999.0
9999.0 9999.0 7.070543207561919 6.684367079237943 5.003669278639427 9999.0 9999.0 9999.0 9999.0 9999.0 9999.0 9999.0 9999.0 9999.0 9999.0 9999.0 9999.0 9999.0 9999.0 8.949860334105779 12.112906339933451 3.2449961479175906 4.802343178074636 5.741297762701391 6.689730936293327 11.574325034316256 5.267114959823831 10.437672154268881 7.404897028318491 0.7648529270389177 9999.0 9.621070626494745 14.491117969294155 12.531959144523254 12.190672663967316 5.453897688809352 9999.0 9999.0 9999.0 9999.0 9999.0 9999.0 9999.0 9999.0 9999.0 9999.0 9999.0
9999.0 9999.0 5.947708066978406 5.559218762560078 8.235262973943213 9999.0 9999.0 9999.0 9999.0 9999.0 9999.0 9999.0 9999.0 9999.0 9999.0 9999.0 9999.0 9999.0 9999.0 12.121262310502154 4.995247741604014 8.738706998177705 11.91060451866319 3.891336531321854 3.3305404966761776 11.160645142642965 7.5134878718209155 8.76184911990614 7.7319143813159235 9.069729874698584 9.621070626494745 9999.0 13.933861632727663 14.250789451816347 15.060627476967882 4.167733196834941 9999.0 9999.0 9999.0 9999.0 9999.0 9999.0 9999.0 9999.0 9999.0 9999.0 9999.0
9999.0 9999.0 8.996439920879814 9.591572511846012 9.566334525302782 9999.0 9999.0 9999.0 9999.0 9999.0 9999.0 9999.0 9999.0 9999.0 9999.0 9999.0 9999.0 9999.0 9999.0 6.222740553807462 10.20441081101697 11.25 11.200892821556682 13.583077707206126 14.692344945583056 23.64344518043003 9.54594154601839 21.54837580886318 19.221082175569617 13.800815193313765 14.491117969294155 13.933861632727663 9999.0 3.384154251803543 5.028916384272063 13.403824081209065 9999.0 9999.0 9999.0 9999.0 9999.0 9999.0 9999.0 9999.0 9999.0 9999.0 9999.0
9999.0 9999.0 8.544172356056496 9.084567312205905 8.015310739453586 9999.0 9999.0 9999.0 9999.0 9999.0 9999.0 9999.0 9999.0 9999.0 9999.0 9999.0 9999.0 9999.0 9999.0 3.6124783736376886 11.526599672062876 9.42019108086455 8.571026776296991 12.96003472217571 14.224714408380928 22.769387343536497 8.255452743490208 20.876422107248167 18.261229421920092 11.926650829130532 12.531959144523254 14.250789451816347 3.384154251803543 9999.0 1.6770509831248421 12.715541671513643 9999.0 9999.0 9999.0 9999.0 9999.0 9999.0 9999.0 9999.0 9999.0 9999.0 9999.0
9999.0 9999.0 9.182245436166472 9.671652560446947 8.097002917746789 9999.0 9999.0 9999.0 9999.0 9999.0 9999.0 9999.0 9999.0 9999.0 9999.0 9999.0 9999.0 9999.0 9999.0 3.370830758136635 12.763228431709589 9.257564474525685 7.85175139698144 13.366001645967279 14.680088555591208 22.914678701653227 8.477322690566874 21.141487648696817 18.40543398021356 11.654720073858487 12.190672663967316 15.060627476967882 5.028916384272063 1.6770509831248421 9999.0 13.09475085673645 9999.0 9999.0 9999.0 9999.0 9999.0 9999.0 9999.0 9999.0 9999.0 9999.0 9999.0
9999.0 9999.0 4.407939569685592 3.8123369801212488 5.196504233617056 9999.0 9999.0 9999.0 9999.0 9999.0 9999.0 9999.0 9999.0 9999.0 9999.0 9999.0 9999.0 9999.0 9999.0 9.806375477208693 7.447314952383845 5.042320894191484 8.255452743490208 0.33541019662496846 1.6770509831248421 10.239628899525606 4.65966737010272 8.193900170248599 5.8576872569299905 4.920365840057018 5.453897688809352 4.167733196834941 13.403824081209065 12.715541671513643 13.09475085673645 9999.0 9999.0 9999.0 9999.0 9999.0 9999.0 9999.0 9999.0 9999.0 9999.0 9999.0 9999.0
9999.0 9999.0 9999.0 9999.0 9999.0 1.851455778569934 4.1107458264893975 4.26084313839409 9999.0 9999.0 9999.0 9999.0 9999.0 9999.0 9999.0 9999.0 9999.0 9999.0 9999.0 9999.0 9999.0 9999.0 9999.0 9999.0 9999.0 9999.0 9999.0 9999.0 9999.0 9999.0 9999.0 9999.0 9999.0 9999.0 9999.0 9999.0 9999.0 11.861386934081528 6.184658438426491 1.4150971698084907 0.6363961030678928 11.169713514678879 8.254089895318563 3.578058132562969 4.50249930594109 3.5146123541579946 7.3147112041419655
9999.0 9999.0 9999.0 9999.0 9999.0 10.960362151863412 9.300619939014819 7.994225056251544 9999.0 9999.0 9999.0 9999.0 9999.0 9999.0 9999.0 9999.0 9999.0 9999.0 9999.0 9999.0 9999.0 9999.0 9999.0 9999.0 9999.0 9999.0 9999.0 9999.0 9999.0 9999.0 9999.0 9999.0 9999.0 9999.0 9999.0 9999.0 11.861386934081528 9999.0 17.93550947143682 10.84158659975559 12.242242441644423 23.00630348404541 6.068978497243172 15.208550226763892 9.649093221645233 15.0 9.39747306460625
9999.0 9999.0 9999.0 9999.0 9999.0 7.029337699954386 9.11925058598567 10.01910097014697 9999.0 9999.0 9999.0 9999.0 9999.0 9999.0 9999.0 9999.0 9999.0 9999.0 9999.0 9999.0 9999.0 9999.0 9999.0 9999.0 9999.0 9999.0 9999.0 9999.0 9999.0 9999.0 9999.0 9999.0 9999.0 9999.0 9999.0 9999.0 6.184658438426491 17.93550947143682 9999.0 7.0945401542312805 5.973692325521963 5.119814449762803 13.50333292191228 2.7372431386341987 10.143594037618028 3.0037476591751178 12.729689705566274
9999.0 9999.0 9999.0 9999.0 9999.0 0.6157422350302113 2.6966333176759494 2.988199165049077 9999.0 9999.0 9999.0 9999.0 9999.0 9999.0 9999.0 9999.0 9999.0 9999.0 9999.0 9999.0 9999.0 9999.0 9999.0 9999.0 9999.0 9999.0 9999.0 9999.0 9999.0 9999.0 9999.0 9999.0 9999.0 9999.0 9999.0 9999.0 1.4150971698084907 10.84158659975559 7.0945401542312805 9999.0 2.040220576310316 12.182364302548173 6.882041848172677 4.368065933568311 4.767074574621211 4.178516483155236 7.543374576408095
9999.0 9999.0 9999.0 9999.0 9999.0 2.4874260793036647 4.736515728887639 4.7994827065007755 9999.0 9999.0 9999.0 9999.0 9999.0 9999.0 9999.0 9999.0 9999.0 9999.0 9999.0 9999.0 9999.0 9999.0 9999.0 9999.0 9999.0 9999.0 9999.0 9999.0 9999.0 9999.0 9999.0 9999.0 9999.0 9999.0 9999.0 9999.0 0.6363961030678928 12.242242441644423 5.973692325521963 2.040220576310316 9999.0 10.863355835099943 8.830911617721014 3.501785258978626 4.38092455995307 3.5146123541579946 7.156116265125938
9999.0 9999.0 9999.0 9999.0 9999.0 12.14382305948172 14.229800815542008 15.129654135174405 9999.0 9999.0 9999.0 9999.0 9999.0 9999.0 9999.0 9999.0 9999.0 9999.0 9999.0 9999.0 9999.0 9999.0 9999.0 9999.0 9999.0 9999.0 9999.0 9999.0 9999.0 9999.0 9999.0 9999.0 9999.0 9999.0 9999.0 9999.0 11.169713514678879 23.00630348404541 5.119814449762803 12.182364302548173 10.863355835099943 9999.0 18.600604828875863 7.85175139698144 14.692344945583056 8.12219182240853 17.016242240870927
9999.0 9999.0 9999.0 9999.0 9999.0 6.682513636349723 4.4012988139866165 4.088481900412425 9999.0 9999.0 9999.0 9999.0 9999.0 9999.0 9999.0 9999.0 9999.0 9999.0 9999.0 9999.0 9999.0 9999.0 9999.0 9999.0 9999.0 9999.0 9999.0 9999.0 9999.0 9999.0 9999.0 9999.0 9999.0 9999.0 9999.0 9999.0 8.254089895318563 6.068978497243172 13.50333292191228 6.882041848172677 8.830911617721014 18.600604828875863 9999.0 10.826010345459679 8.623369411082887 10.509638433362015 10.131386874460969
9999.0 9999.0 9999.0 9999.0 9999.0 4.292754185834545 6.42713242822956 7.281877110333571 9999.0 9999.0 9999.0 9999.0 9999.0 9999.0 9999.0 9999.0 9999.0 9999.0 9999.0 9999.0 9999.0 9999.0 9999.0 9999.0 9999.0 9999.0 9999.0 9999.0 9999.0 9999.0 9999.0 9999.0 9999.0 9999.0 9999.0 9999.0 3.578058132562969 15.208550226763892 2.7372431386341987 4.368065933568311 3.501785258978626 7.85175139698144 10.826010345459679 9999.0 7.860343503944341 0.4242640687119285 10.590679864862311
9999.0 9999.0 9999.0 9999.0 9999.0 5.357185688400207 6.292446364491317 5.069554640202629 9999.0 9999.0 9999.0 9999.0 9999.0 9999.0 9999.0 9999.0 9999.0 9999.0 9999.0 9999.0 9999.0 9999.0 9999.0 9999.0 9999.0 9999.0 9999.0 9999.0 9999.0 9999.0 9999.0 9999.0 9999.0 9999.0 9999.0 9999.0 4.50249930594109 9.649093221645233 10.143594037618028 4.767074574621211 4.38092455995307 14.692344945583056 8.623369411082887 7.860343503944341 9999.0 7.894618420164461 2.81824413420839
9999.0 9999.0 9999.0 9999.0 9999.0 4.050696051297852 6.118588991752919 7.042175391879983 9999.0 9999.0 9999.0 9999.0 9999.0 9999.0 9999.0 9999.0 9999.0 9999.0 9999.0 9999.0 9999.0 9999.0 9999.0 9999.0 9999.0 9999.0 9999.0 9999.0 9999.0 9999.0 9999.0 9999.0 9999.0 9999.0 9999.0 9999.0 3.5146123541579946 15.0 3.0037476591751178 4.178516483155236 3.5146123541579946 8.12219182240853 10.509638433362015 0.4242640687119285 7.894618420164461 9999.0 10.654224514247858
9999.0 9999.0 9999.0 9999.0 9999.0 8.116636526295853 8.73305681018966 7.272044709020977 9999.0 9999.0 9999.0 9999.0 9999.0 9999.0 9999.0 9999.0 9999.0 9999.0 9999.0 9999.0 9999.0 9999.0 9999.0 9999.0 9999.0 9999.0 9999.0 9999.0 9999.0 9999.0 9999.0 9999.0 9999.0 9999.0 9999.0 9999.0 7.3147112041419655 9.39747306460625 12.729689705566274 7.543374576408095 7.156116265125938 17.016242240870927 10.131386874460969 10.590679864862311 2.81824413420839 10.654224514247858 9999.0
-1 -1 -1 -1 -1 -1 -1 -1 -1 -1 -1 -1 -1 -1 -1 -1 -1 -1 -1 -1 -1 -1 -1 -1 -1 -1 -1 -1 -1 -1 -1 -1 -1 -1 -1 -1 -1 -1 -1 -1 -1 -1 -1 -1 -1 -1 -1 -1 -1 -1 -1 -1 -1 -1 -1 -1 -1 -1 -1 -1 -1 -1 -1 -1 -1 -1 -1 -1 -1 -1 -1 -1 -1 -1 -1 -1 -1 -1 -1 -1 -1 -1 -1 -1 -1 -1 -1 -1 -1 -1 -1 -1 -1 -1 -1 -1 -1 -1 -1 -1
9999.0 9999.0 16.14578351304142 16.512034406759213 18.755595545063347 18.50345001614564 18.10802491300473 16.42445786776538 7.255543880371754 4.482378498074432 4.619525624996576 8.794561785558164 1.7467446865526743 11.041350325028185 8.802438128155176 7.710999740630264 1.3933474082223714 3.930358380606023 8.146098268496397 6.041044363353079 2.348087945542074 9999.0 9999.0 9999.0 9999.0 9999.0 9999.0 9999.0 9999.0 9999.0 9999.0 9999.0 9999.0 9999.0 9999.0 9999.0 9999.0 9999.0 9999.0 9999.0 9999.0 9999.0 9999.0 9999.0 9999.0 9999.0 9999.0 9999.0 9999.0
9999.0 9999.0 13.770680538738818 14.17981283374361 16.257668052337642 18.2125271516613 18.17044526146787 16.499220663413166 4.538651258909414 4.433120261170454 5.708651789170539 8.513193011438188 4.405627679457265 8.318696126797757 8.066328486368503 7.292541069476401 1.9746911783871421 1.216821782349412 6.951341974755666 6.658220877231394 4.947924337537913 9999.0 9999.0 9999.0 9999.0 9999.0 9999.0 9999.0 9999.0 9999.0 9999.0 9999.0 9999.0 9999.0 9999.0 9999.0 9999.0 9999.0 9999.0 9999.0 9999.0 9999.0 9999.0 9999.0 9999.0 9999.0 9999.0 9999.0 9999.0
16.14578351304142 13.770680538738818 9999.0 9999.0 9999.0 15.28827440393454 16.975878607600844 16.01478847815356 9999.0 9999.0 9999.0 9999.0 9999.0 9999.0 9999.0 9999.0 9999.0 9999.0 9999.0 9999.0 9999.0 3.31052582681362 2.9791242421221713 11.77886162793332 9.509825511017539 6.002985194884292 5.853868912949794 6.733400422520557 7.423730952156065 8.3987845102729 6.372603961490154 4.146224939628819 6.953519342750116 10.980197231835136 9.466571779160605 3.6862557222742973 8.798407881543115 5.18972361980867 9999.0 9999.0 9999.0 9999.0 9999.0 9999.0 9999.0 9999.0 9999.0 9999.0 9999.0
16.512034406759213 14.17981283374361 9999.0 9999.0 9999.0 14.95416233862666 16.693340618342393 15.778158970551667 9999.0 9999.0 9999.0 9999.0 9999.0 9999.0 9999.0 9999.0 9999.0 9999.0 9999.0 9999.0 9999.0 2.800912931527862 2.6326247833673526 12.374619721429825 10.057331318495976 5.409723953216098 6.139329218245264 7.166471464395849 6.843636697692244 8.69970477947384 6.967870065522175 4.524960027447756 7.487106467120659 10.384000349094755 8.870939254103817 4.233168228407655 9.3287117679774 4.5999688314161435 9999.0 9999.0 9999.0 9999.0 9999.0 9999.0 9999.0 9999.0 9999.0 9999.0 9999.0
18.755595545063347 16.257668052337642 9999.0 9999.0 9999.0 17.66117791230245 19.50171050190213 18.659818648636435 9999.0 9999.0 9999.0 9999.0 9999.0 9999.0 9999.0 9999.0 9999.0 9999.0 9999.0 9999.0 9999.0 2.964929383644744 1.7807880980060484 12.298593669603042 9.020155555754014 6.701832305422151 3.6652293584440248 5.352504670712581 8.344453622017442 6.161518177365056 7.128176923309353 2.7708313283200763 8.942720852738276 11.161736256066975 9.50429935608091 3.883182489917259 8.137168196000376 6.095765435939936 9999.0 9999.0 9999.0 9999.0 9999.0 9999.0 9999.0 9999.0 9999.0 9999.0 9999.0
18.50345001614564 18.2125271516613 15.28827440393454 14.95416233862666 17.66117791230245 9999.0 9999.0 9999.0 9999.0 9999.0 9999.0 9999.0 9999.0 9999.0 9999.0 9999.0 9999.0 9999.0 9999.0 9999.0 9999.0 9999.0 9999.0 9999.0 9999.0 9999.0 9999.0 9999.0 9999.0 9999.0 9999.0 9999.0 9999.0 9999.0 9999.0 9999.0 9999.0 9999.0 7.853686300075907 6.660119255689045 5.459898213336948 10.025870959672282 8.756776718633404 2.182335560815522 3.952523054961223 3.483200898598873 2.63885173891979 4.173642114508622 2.0634167053700034
18.10802491300473 18.17044526146787 16.975878607600844 16.693340618342393 19.50171050190213 9999.0 9999.0 9999.0 9999.0 9999.0 9999.0 9999.0 9999.0 9999.0 9999.0 9999.0 9999.0 9999.0 9999.0 9999.0 9999.0 9999.0 9999.0 9999.0 9999.0 9999.0 9999.0 9999.0 9999.0 9999.0 9999.0 9999.0 9999.0 9999.0 9999.0 9999.0 9999.0 9999.0 10.04905126118879 6.081001665021971 4.309290109751257 8.625159781128696 10.792343640284997 4.246967300321489 6.189227031705979 3.2192128308019647 4.7928990444197765 5.878378284016775 4.3189907675289145
16.42445786776538 16.499220663413166 16.01478847815356 15.778158970551667 18.659818648636435 9999.0 9999.0 9999.0 9999.0 9999.0 9999.0 9999.0 9999.0 9999.0 9999.0 9999.0 9999.0 9999.0 9999.0 9999.0 9999.0 9999.0 9999.0 9999.0 9999.0 9999.0 9999.0 9999.0 9999.0 9999.0 9999.0 9999.0 9999.0 9999.0 9999.0 9999.0 9999.0 9999.0 10.811701265295854 4.396559365003503 2.6860443499689275 7.154008264602439 11.748782245407394 4.12715207497858 6.911174592643423 1.7089424361282621 5.630336069010446 5.220946681397924 4.437514422511773
7.255543880371754 4.538651258909414 9999.0 9999.0 9999.0 9999.0 9999.0 9999.0 9999.0 6.615323121359984 9.601171803483156 10.654224514247858 8.788771245174152 3.785828839237189 7.9202272694664515 9.469028461251979 6.171912183432296 3.3305404966761776 6.280326424637497 10.060069582264328 9.26120942425988 9999.0 9999.0 9999.0 9999.0 9999.0 9999.0 9999.0 9999.0 9999.0 9999.0 9999.0 9999.0 9999.0 9999.0 9999.0 9999.0 9999.0 9999.0 9999.0 9999.0 9999.0 9999.0 9999.0 9999.0 9999.0 9999.0 9999.0 9999.0
4.482378498074432 4.433120261170454 9999.0 9999.0 9999.0 9999.0 9999.0 9999.0 6.615323121359984 9999.0 9.062284480195927 12.763228431709589 4.657252408878007 9.888629834309707 4.3603325561245905 11.576268828944842 3.320391543176798 4.5793012567421245 4.024922359499621 10.389056742553676 4.707706447942565 9999.0 9999.0 9999.0 9999.0 9999.0 9999.0 9999.0 9999.0 9999.0 9999.0 9999.0 9999.0 9999.0 9999.0 9999.0 9999.0 9999.0 9999.0 9999.0 9999.0 9999.0 9999.0 9999.0 9999.0 9999.0 9999.0 9999.0 9999.0
4.619525624996576 5.708651789170539 9999.0 9999.0 9999.0 9999.0 9999.0 9999.0 9.601171803483156 9.062284480195927 9999.0 4.897448315194352 5.370754136990447 13.080137613954985 13.302725284692608 4.183897704294406 5.770615218501404 6.73832323356486 12.45090358166828 1.5945218719101975 5.8576872569299905 9999.0 9999.0 9999.0 9999.0 9999.0 9999.0 9999.0 9999.0 9999.0 9999.0 9999.0 9999.0 9999.0 9999.0 9999.0 9999.0 9999.0 9999.0 9999.0 9999.0 9999.0 9999.0 9999.0 9999.0 9999.0 9999.0 9999.0 9999.0
8.794561785558164 8.513193011438188 9999.0 9999.0 9999.0 9999.0 9999.0 9999.0 10.654224514247858 12.763228431709589 4.897448315194352 9999.0 9.990495483208027 13.208519977650788 16.574151561995563 1.236931687685298 9.527066704920252 9.024965373894794 15.373353570382747 3.370830758136635 10.543837062473983 9999.0 9999.0 9999.0 9999.0 9999.0 9999.0 9999.0 9999.0 9999.0 9999.0 9999.0 9999.0 9999.0 9999.0 9999.0 9999.0 9999.0 9999.0 9999.0 9999.0 9999.0 9999.0 9999.0 9999.0 9999.0 9999.0 9999.0 9999.0
1.7467446865526743 4.405627679457265 9999.0 9999.0 9999.0 9999.0 9999.0 9999.0 8.788771245174152 4.657252408878007 5.370754136990447 9.990495483208027 9999.0 12.558861413360688 8.976218580226307 9.0 2.6239283526803847 5.515432893255071 8.637708029332781 6.934154598795732 0.618465843842649 9999.0 9999.0 9999.0 9999.0 9999.0 9999.0 9999.0 9999.0 9999.0 9999.0 9999.0 9999.0 9999.0 9999.0 9999.0 9999.0 9999.0 9999.0 9999.0 9999.0 9999.0 9999.0 9999.0 9999.0 9999.0 9999.0 9999.0 9999.0
11.041350325028185 8.318696126797757 9999.0 9999.0 9999.0 9999.0 9999.0 9999.0 3.785828839237189 9.888629834309707 13.080137613954985 13.208519977650788 12.558861413360688 9999.0 9.8281483505287 12.143516788805456 9.936297097007515 7.115124735378854 8.185658189785352 13.302725284692608 13.015471562721036 9999.0 9999.0 9999.0 9999.0 9999.0 9999.0 9999.0 9999.0 9999.0 9999.0 9999.0 9999.0 9999.0 9999.0 9999.0 9999.0 9999.0 9999.0 9999.0 9999.0 9999.0 9999.0 9999.0 9999.0 9999.0 9999.0 9999.0 9999.0
8.802438128155176 8.066328486368503 9999.0 9999.0 9999.0 9999.0 9999.0 9999.0 7.9202272694664515 4.3603325561245905 13.302725284692608 16.574151561995563 8.976218580226307 9.8281483505287 9999.0 15.347719700333334 7.537406715840669 7.65 1.6770509831248421 14.532205613739436 8.949860334105779 9999.0 9999.0 9999.0 9999.0 9999.0 9999.0 9999.0 9999.0 9999.0 9999.0 9999.0 9999.0 9999.0 9999.0 9999.0 9999.0 9999.0 9999.0 9999.0 9999.0 9999.0 9999.0 9999.0 9999.0 9999.0 9999.0 9999.0 9999.0
7.710999740630264 7.292541069476401 9999.0 9999.0 9999.0 9999.0 9999.0 9999.0 9.469028461251979 11.576268828944842 4.183897704294406 1.236931687685298 9.0 12.143516788805456 15.347719700333334 9999.0 8.370483856982224 7.788452991448302 14.138246001537814 2.85 9.57300893136531 9999.0 9999.0 9999.0 9999.0 9999.0 9999.0 9999.0 9999.0 9999.0 9999.0 9999.0 9999.0 9999.0 9999.0 9999.0 9999.0 9999.0 9999.0 9999.0 9999.0 9999.0 9999.0 9999.0 9999.0 9999.0 9999.0 9999.0 9999.0
1.3933474082223714 1.9746911783871421 9999.0 9999.0 9999.0 9999.0 9999.0 9999.0 6.171912183432296 3.320391543176798 5.770615218501404 9.527066704920252 2.6239283526803847 9.936297097007515 7.537406715840669 8.370483856982224 9999.0 2.947032405658275 6.791538853603063 7.069123000768907 3.0923292192132457 9999.0 9999.0 9999.0 9999.0 9999.0 9999.0 9999.0 9999.0 9999.0 9999.0 9999.0 9999.0 9999.0 9999.0 9999.0 9999.0 9999.0 9999.0 9999.0 9999.0 9999.0 9999.0 9999.0 9999.0 9999.0 9999.0 9999.0 9999.0
3.930358380606023 1.216821782349412 9999.0 9999.0 9999.0 9999.0 9999.0 9999.0 3.3305404966761776 4.5793012567421245 6.73832323356486 9.024965373894794 5.515432893255071 7.115124735378854 7.65 7.788452991448302 2.947032405658275 9999.0 6.3568860301251275 7.537406715840669 6.02432568840696 9999.0 9999.0 9999.0 9999.0 9999.0 9999.0 9999.0 9999.0 9999.0 9999.0 9999.0 9999.0 9999.0 9999.0 9999.0 9999.0 9999.0 9999.0 9999.0 9999.0 9999.0 9999.0 9999.0 9999.0 9999.0 9999.0 9999.0 9999.0
8.146098268496397 6.951341974755666 9999.0 9999.0 9999.0 9999.0 9999.0 9999.0 6.280326424637497 4.024922359499621 12.45090358166828 15.373353570382747 8.637708029332781 8.185658189785352 1.6770509831248421 14.138246001537814 6.791538853603063 6.3568860301251275 9999.0 13.5673320885132 8.727112924673314 9999.0 9999.0 9999.0 9999.0 9999.0 9999.0 9999.0 9999.0 9999.0 9999.0 9999.0 9999.0 9999.0 9999.0 9999.0 9999.0 9999.0 9999.0 9999.0 9999.0 9999.0 9999.0 9999.0 9999.0 9999.0 9999.0 9999.0 9999.0
6.041044363353079 6.658220877231394 9999.0 9999.0 9999.0 9999.0 9999.0 9999.0 10.060069582264328 10.389056742553676 1.5945218719101975 3.370830758136635 6.934154598795732 13.302725284692608 14.532205613739436 2.85 7.069123000768907 7.537406715840669 13.5673320885132 9999.0 7.436733153744324 9999.0 9999.0 9999.0 9999.0 9999.0 9999.0 9999.0 9999.0 9999.0 9999.0 9999.0 9999.0 9999.0 9999.0 9999.0 9999.0 9999.0 9999.0 9999.0 9999.0 9999.0 9999.0 9999.0 9999.0 9999.0 9999.0 9999.0 9999.0
2.348087945542074 4.947924337537913 9999.0 9999.0 9999.0 9999.0 9999.0 9999.0 9.26120942425988 4.707706447942565 5.8576872569299905 10.543837062473983 0.618465843842649 13.015471562721036 8.949860334105779 9.57300893136531 3.0923292192132457 6.02432568840696 8.727112924673314 7.436733153744324 9999.0 9999.0 9999.0 9999.0 9999.0 9999.0 9999.0 9999.0 9999.0 9999.0 9999.0 9999.0 9999.0 9999.0 9999.0 9999.0 9999.0 9999.0 9999.0 9999.0 9999.0 9999.0 9999.0 9999.0 9999.0 9999.0 9999.0 9999.0 9999.0
9999.0 9999.0 3.31052582681362 2.800912931527862 2.964929383644744 9999.0 9999.0 9999.0 9999.0 9999.0 9999.0 9999.0 9999.0 9999.0 9999.0 9999.0 9999.0 9999.0 9999.0 9999.0 9999.0 9999.0 1.2 14.712239802287073 11.818629362155326 3.75 6.601704325399616 8.2975900115636 5.402082931610733 9.031195934094223 9.343446901438462 5.646459067415614 10.263771236733602 8.273149339882607 6.642476947645359 6.2425956140054435 10.974629834304208 3.2066337489647925 9999.0 9999.0 9999.0 9999.0 9999.0 9999.0 9999.0 9999.0 9999.0 9999.0 9999.0
9999.0 9999.0 2.9791242421221713 2.6326247833673526 1.7807880980060484 9999.0 9999.0 9999.0 9999.0 9999.0 9999.0 9999.0 9999.0 9999.0 9999.0 9999.0 9999.0 9999.0 9999.0 9999.0 9999.0 1.2 9999.0 13.80326048439281 10.73312629199899 4.95 5.402082931610733 7.130918594402829 6.601704325399616 7.835974731965386 8.495881355103778 4.512482686947397 9.778803607803972 9.393880987110705 7.743545699484185 5.307541803886239 9.869270489757588 4.391184350491335 9999.0 9999.0 9999.0 9999.0 9999.0 9999.0 9999.0 9999.0 9999.0 9999.0 9999.0
9999.0 9999.0 11.77886162793332 12.374619721429825 12.298593669603042 9999.0 9999.0 9999.0 9999.0 9999.0 9999.0 9999.0 9999.0 9999.0 9999.0 9999.0 9999.0 9999.0 9999.0 9999.0 9999.0 14.712239802287073 13.80326048439281 9999.0 4.539823785126467 17.77674042112333 10.332594059576715 8.193900170248599 19.13014636640295 10.332594059576715 5.408326913195984 9.72226825385928 6.75166646095614 22.75752622760216 21.222217132052908 8.495881355103778 5.3853969213048725 16.952654659374147 9999.0 9999.0 9999.0 9999.0 9999.0 9999.0 9999.0 9999.0 9999.0 9999.0 9999.0
9999.0 9999.0 9.509825511017539 10.057331318495976 9.020155555754014 9999.0 9999.0 9999.0 9999.0 9999.0 9999.0 9999.0 9999.0 9999.0 9999.0 9999.0 9999.0 9999.0 9999.0 9999.0 9999.0 11.818629362155326 10.73312629199899 4.539823785126467 9999.0 15.321308690839695 6.265979572261627 4.036087214122113 16.854153790683174 5.834595101633017 4.178516483155236 6.251599795252413 7.532927717693832 20.08992284703951 18.459753519481236 5.82494635168428 0.9604686356149273 14.568544882725934 9999.0 9999.0 9999.0 9999.0 9999.0 9999.0 9999.0 9999.0 9999.0 9999.0 9999.0
9999.0 9999.0 6.002985194884292 5.409723953216098 6.701832305422151 9999.0 9999.0 9999.0 9999.0 9999.0 9999.0 9999.0 9999.0 9999.0 9999.0 9999.0 9999.0 9999.0 9999.0 9999.0 9999.0 3.75 4.95 17.77674042112333 15.321308690839695 9999.0 10.351086899451671 11.985929250583787 1.656804152578089 12.772039774444801 12.373863584184207 9.29758033038704 12.421050680196101 5.013232490120521 3.631115531073061 9.554187563576507 14.526011152412076 0.848528137423857 9999.0 9999.0 9999.0 9999.0 9999.0 9999.0 9999.0 9999.0 9999.0 9999.0 9999.0
9999.0 9999.0 5.853868912949794 6.139329218245264 3.6652293584440248 9999.0 9999.0 9999.0 9999.0 9999.0 9999.0 9999.0 9999.0 9999.0 9999.0 9999.0 9999.0 9999.0 9999.0 9999.0 9999.0 6.601704325399616 5.402082931610733 10.332594059576715 6.265979572261627 10.351086899451671 9999.0 2.2299103120977755 12.0 2.563201123595259 6.157312725532138 1.9209372712298547 9.208827286902496 14.627115231651114 12.95221988695374 3.761980861195336 5.307541803886239 9.760379090998462 9999.0 9999.0 9999.0 9999.0 9999.0 9999.0 9999.0 9999.0 9999.0 9999.0 9999.0
9999.0 9999.0 6.733400422520557 7.166471464395849 5.352504670712581 9999.0 9999.0 9999.0 9999.0 9999.0 9999.0 9999.0 9999.0 9999.0 9999.0 9999.0 9999.0 9999.0 9999.0 9999.0 9999.0 8.2975900115636 7.130918594402829 8.193900170248599 4.036087214122113 11.985929250583787 2.2299103120977755 9999.0 13.600459551059295 2.704163456597992 4.657252408878007 2.704163456597992 8.119421161634616 16.50954269505973 14.846969387723545 3.49857113690718 3.0777426793024785 11.313818983879846 9999.0 9999.0 9999.0 9999.0 9999.0 9999.0 9999.0 9999.0 9999.0 9999.0 9999.0
9999.0 9999.0 7.423730952156065 6.843636697692244 8.344453622017442 9999.0 9999.0 9999.0 9999.0 9999.0 9999.0 9999.0 9999.0 9999.0 9999.0 9999.0 9999.0 9999.0 9999.0 9999.0 9999.0 5.402082931610733 6.601704325399616 19.13014636640295 16.854153790683174 1.656804152578089 12.0 13.600459551059295 9999.0 14.428097587693257 13.751818061623705 10.90366910723175 13.49083021907844 3.994058086708304 3.059411708155671 11.052262211873188 16.080111939908875 2.2945587811167534 9999.0 9999.0 9999.0 9999.0 9999.0 9999.0 9999.0 9999.0 9999.0 9999.0 9999.0
9999.0 9999.0 8.3987845102729 8.69970477947384 6.161518177365056 9999.0 9999.0 9999.0 9999.0 9999.0 9999.0 9999.0 9999.0 9999.0 9999.0 9999.0 9999.0 9999.0 9999.0 9999.0 9999.0 9.031195934094223 7.835974731965386 10.332594059576715 5.834595101633017 12.772039774444801 2.563201123595259 2.704163456597992 14.428097587693257 9999.0 7.356119901143536 4.326661530556787 10.813533187631137 16.822083699708546 15.146286673637206 5.842302628245134 4.947726750741192 12.224769936485513 9999.0 9999.0 9999.0 9999.0 9999.0 9999.0 9999.0 9999.0 9999.0 9999.0 9999.0
9999.0 9999.0 6.372603961490154 6.967870065522175 7.128176923309353 9999.0 9999.0 9999.0 9999.0 9999.0 9999.0 9999.0 9999.0 9999.0 9999.0 9999.0 9999.0 9999.0 9999.0 9999.0 9999.0 9.343446901438462 8.495881355103778 5.408326913195984 4.178516483155236 12.373863584184207 6.157312725532138 4.657252408878007 13.751818061623705 7.356119901143536 9999.0 4.8859492424707 3.631115531073061 17.34949566990349 15.815577763711321 3.2449961479175906 3.994058086708304 11.553895446991028 9999.0 9999.0 9999.0 9999.0 9999.0 9999.0 9999.0 9999.0 9999.0 9999.0 9999.0
9999.0 9999.0 4.146224939628819 4.524960027447756 2.7708313283200763 9999.0 9999.0 9999.0 9999.0 9999.0 9999.0 9999.0 9999.0 9999.0 9999.0 9999.0 9999.0 9999.0 9999.0 9999.0 9999.0 5.646459067415614 4.512482686947397 9.72226825385928 6.251599795252413 9.29758033038704 1.9209372712298547 2.704163456597992 10.90366910723175 4.326661530556787 4.8859492424707 9999.0 7.537406715840669 13.90476537018874 12.256018929489299 1.9729419656948857 5.366563145999495 8.614232409216736 9999.0 9999.0 9999.0 9999.0 9999.0 9999.0 9999.0 9999.0 9999.0 9999.0 9999.0
9999.0 9999.0 6.953519342750116 7.487106467120659 8.942720852738276 9999.0 9999.0 9999.0 9999.0 9999.0 9999.0 9999.0 9999.0 9999.0 9999.0 9999.0 9999.0 9999.0 9999.0 9999.0 9999.0 10.263771236733602 9.778803607803972 6.75166646095614 7.532927717693832 12.421050680196101 9.208827286902496 8.119421161634616 13.49083021907844 10.813533187631137 3.631115531073061 7.537406715840669 9999.0 17.39482681718907 16.044391543464652 5.5682133579811754 7.537406715840669 11.5733530145762 9999.0 9999.0 9999.0 9999.0 9999.0 9999.0 9999.0 9999.0 9999.0 9999.0 9999.0
9999.0 9999.0 10.980197231835136 10.384000349094755 11.161736256066975 9999.0 9999.0 9999.0 9999.0 9999.0 9999.0 9999.0 9999.0 9999.0 9999.0 9999.0 9999.0 9999.0 9999.0 9999.0 9999.0 8.273149339882607 9.393880987110705 22.75752622760216 20.08992284703951 5.013232490120521 14.627115231651114 16.50954269505973 3.994058086708304 16.822083699708546 17.34949566990349 13.90476537018874 17.39482681718907 9999.0 1.6770509831248421 14.426538046253508 19.247402422145175 5.8576872569299905 9999.0 9999.0 9999.0 9999.0 9999.0 9999.0 9999.0 9999.0 9999.0 9999.0 9999.0
9999.0 9999.0 9.466571779160605 8.870939254103817 9.50429935608091 9999.0 9999.0 9999.0 9999.0 9999.0 9999.0 9999.0 9999.0 9999.0 9999.0 9999.0 9999.0 9999.0 9999.0 9999.0 9999.0 6.642476947645359 7.743545699484185 21.222217132052908 18.459753519481236 3.631115531073061 12.95221988695374 14.846969387723545 3.059411708155671 15.146286673637206 15.815577763711321 12.256018929489299 16.044391543464652 1.6770509831248421 9999.0 12.837932076467768 17.608236708995026 4.474930167052889 9999.0 9999.0 9999.0 9999.0 9999.0 9999.0 9999.0 9999.0 9999.0 9999.0 9999.0
9999.0 9999.0 3.6862557222742973 4.233168228407655 3.883182489917259 9999.0 9999.0 9999.0 9999.0 9999.0 9999.0 9999.0 9999.0 9999.0 9999.0 9999.0 9999.0 9999.0 9999.0 9999.0 9999.0 6.2425956140054435 5.307541803886239 8.495881355103778 5.82494635168428 9.554187563576507 3.761980861195336 3.49857113690718 11.052262211873188 5.842302628245134 3.2449961479175906 1.9729419656948857 5.5682133579811754 14.426538046253508 12.837932076467768 9999.0 5.119814449762803 8.77852493303972 9999.0 9999.0 9999.0 9999.0 9999.0 9999.0 9999.0 9999.0 9999.0 9999.0 9999.0
9999.0 9999.0 8.798407881543115 9.3287117679774 8.137168196000376 9999.0 9999.0 9999.0 9999.0 9999.0 9999.0 9999.0 9999.0 9999.0 9999.0 9999.0 9999.0 9999.0 9999.0 9999.0 9999.0 10.974629834304208 9.869270489757588 5.3853969213048725 0.9604686356149273 14.526011152412076 5.307541803886239 3.0777426793024785 16.080111939908875 4.947726750741192 3.994058086708304 5.366563145999495 7.537406715840669 19.247402422145175 17.608236708995026 5.119814449762803 9999.0 13.788582233137678 9999.0 9999.0 9999.0 9999.0 9999.0 9999.0 9999.0 9999.0 9999.0 9999.0 9999.0
9999.0 9999.0 5.18972361980867 4.5999688314161435 6.095765435939936 9999.0 9999.0 9999.0 9999.0 9999.0 9999.0 9999.0 9999.0 9999.0 9999.0 9999.0 9999.0 9999.0 9999.0 9999.0 9999.0 3.2066337489647925 4.391184350491335 16.952654659374147 14.568544882725934 0.848528137423857 9.760379090998462 11.313818983879846 2.2945587811167534 12.224769936485513 11.553895446991028 8.614232409216736 11.5733530145762 5.8576872569299905 4.474930167052889 8.77852493303972 13.788582233137678 9999.0 9999.0 9999.0 9999.0 9999.0 9999.0 9999.0 9999.0 9999.0 9999.0 9999.0 9999.0
9999.0 9999.0 9999.0 9999.0 9999.0 7.853686300075907 10.04905126118879 10.811701265295854 9999.0 9999.0 9999.0 9999.0 9999.0 9999.0 9999.0 9999.0 9999.0 9999.0 9999.0 9999.0 9999.0 9999.0 9999.0 9999.0 9999.0 9999.0 9999.0 9999.0 9999.0 9999.0 9999.0 9999.0 9999.0 9999.0 9999.0 9999.0 9999.0 9999.0 9999.0 13.571477443521026 13.002499759661601 17.49928569970786 1.6770509831248421 7.212489168102784 3.902883549377306 10.770793842609745 5.258564442887431 8.077747210701757 6.657702306351644
9999.0 9999.0 9999.0 9999.0 9999.0 6.660119255689045 6.081001665021971 4.396559365003503 9999.0 9999.0 9999.0 9999.0 9999.0 9999.0 9999.0 9999.0 9999.0 9999.0 9999.0 9999.0 9999.0 9999.0 9999.0 9999.0 9999.0 9999.0 9999.0 9999.0 9999.0 9999.0 9999.0 9999.0 9999.0 9999.0 9999.0 9999.0 9999.0 9999.0 13.571477443521026 9999.0 2.1 4.21070065428546 14.834840747375752 6.381614215854794 9.928368446023748 3.181980515339464 8.986239480450095 5.867282164682384 6.977822009767804
9999.0 9999.0 9999.0 9999.0 9999.0 5.459898213336948 4.309290109751257 2.6860443499689275 9999.0 9999.0 9999.0 9999.0 9999.0 9999.0 9999.0 9999.0 9999.0 9999.0 9999.0 9999.0 9999.0 9999.0 9999.0 9999.0 9999.0 9999.0 9999.0 9999.0 9999.0 9999.0 9999.0 9999.0 9999.0 9999.0 9999.0 9999.0 9999.0 9999.0 13.002499759661601 2.1 9999.0 4.5694638635183455 14.094413787029243 5.867282164682384 9.169651029346754 2.2549944567559366 8.0232474721898 6.0782398768064425 6.363961030678928
9999.0 9999.0 9999.0 9999.0 9999.0 10.025870959672282 8.625159781128696 7.154008264602439 9999.0 9999.0 9999.0 9999.0 9999.0 9999.0 9999.0 9999.0 9999.0 9999.0 9999.0 9999.0 9999.0 9999.0 9999.0 9999.0 9999.0 9999.0 9999.0 9999.0 9999.0 9999.0 9999.0 9999.0 9999.0 9999.0 9999.0 9999.0 9999.0 9999.0 17.49928569970786 4.21070065428546 4.5694638635183455 9999.0 18.64168715540522 10.298786336263124 13.709212231196947 6.73832323356486 12.590174740645978 10.051119340650573 10.84158659975559
9999.0 9999.0 9999.0 9999.0 9999.0 8.756776718633404 10.792343640284997 11.748782245407394 9999.0 9999.0 9999.0 9999.0 9999.0 9999.0 9999.0 9999.0 9999.0 9999.0 9999.0 9999.0 9999.0 9999.0 9999.0 9999.0 9999.0 9999.0 9999.0 9999.0 9999.0 9999.0 9999.0 9999.0 9999.0 9999.0 9999.0 9999.0 9999.0 9999.0 1.6770509831248421 14.834840747375752 14.094413787029243 18.64168715540522 9999.0 8.45473240262517 4.934065261019558 11.90682577347968 6.118823416311342 9.540047169694708 7.85891213845784
9999.0 9999.0 9999.0 9999.0 9999.0 2.182335560815522 4.246967300321489 4.12715207497858 9999.0 9999.0 9999.0 9999.0 9999.0 9999.0 9999.0 9999.0 9999.0 9999.0 9999.0 9999.0 9999.0 9999.0 9999.0 9999.0 9999.0 9999.0 9999.0 9999.0 9999.0 9999.0 9999.0 9999.0 9999.0 9999.0 9999.0 9999.0 9999.0 9999.0 7.212489168102784 6.381614215854794 5.867282164682384 10.298786336263124 8.45473240262517 9999.0 3.578058132562969 3.6124783736376886 2.91247317584214 2.1 0.6363961030678928
9999.0 9999.0 9999.0 9999.0 9999.0 3.952523054961223 6.189227031705979 6.911174592643423 9999.0 9999.0 9999.0 9999.0 9999.0 9999.0 9999.0 9999.0 9999.0 9999.0 9999.0 9999.0 9999.0 9999.0 9999.0 9999.0 9999.0 9999.0 9999.0 9999.0 9999.0 9999.0 9999.0 9999.0 9999.0 9999.0 9999.0 9999.0 9999.0 9999.0 3.902883549377306 9.928368446023748 9.169651029346754 13.709212231196947 4.934065261019558 3.578058132562969 9999.0 6.972983579501676 1.4230249470757708 5.0400892849234324 2.9584624384974028
9999.0 9999.0 9999.0 9999.0 9999.0 3.483200898598873 3.2192128308019647 1.7089424361282621 9999.0 9999.0 9999.0 9999.0 9999.0 9999.0 9999.0 9999.0 9999.0 9999.0 9999.0 9999.0 9999.0 9999.0 9999.0 9999.0 9999.0 9999.0 9999.0 9999.0 9999.0 9999.0 9999.0 9999.0 9999.0 9999.0 9999.0 9999.0 9999.0 9999.0 10.770793842609745 3.181980515339464 2.2549944567559366 6.73832323356486 11.90682577347968 3.6124783736376886 6.972983579501676 9999.0 5.903600596246328 4.024922359499621 4.118859065323794
9999.0 9999.0 9999.0 9999.0 9999.0 2.63885173891979 4.7928990444197765 5.630336069010446 9999.0 9999.0 9999.0 9999.0 9999.0 9999.0 9999.0 9999.0 9999.0 9999.0 9999.0 9999.0 9999.0 9999.0 9999.0 9999.0 9999.0 9999.0 9999.0 9999.0 9999.0 9999.0 9999.0 9999.0 9999.0 9999.0 9999.0 9999.0 9999.0 9999.0 5.258564442887431 8.986239480450095 8.0232474721898 12.590174740645978 6.118823416311342 2.91247317584214 1.4230249470757708 5.903600596246328 9999.0 4.7929635926011365 2.2896506283710623
9999.0 9999.0 9999.0 9999.0 9999.0 4.173642114508622 5.878378284016775 5.220946681397924 9999.0 9999.0 9999.0 9999.0 9999.0 9999.0 9999.0 9999.0 9999.0 9999.0 9999.0 9999.0 9999.0 9999.0 9999.0 9999.0 9999.0 9999.0 9999.0 9999.0 9999.0 9999.0 9999.0 9999.0 9999.0 9999.0 9999.0 9999.0 9999.0 9999.0 8.077747210701757 5.867282164682384 6.0782398768064425 10.051119340650573 9.540047169694708 2.1 5.0400892849234324 4.024922359499621 4.7929635926011365 9999.0 2.5894014752448102
9999.0 9999.0 9999.0 9999.0 9999.0 2.0634167053700034 4.3189907675289145 4.437514422511773 9999.0 9999.0 9999.0 9999.0 9999.0 9999.0 9999.0 9999.0 9999.0 9999.0 9999.0 9999.0 9999.0 9999.0 9999.0 9999.0 9999.0 9999.0 9999.0 9999.0 9999.0 9999.0 9999.0 9999.0 9999.0 9999.0 9999.0 9999.0 9999.0 9999.0 6.657702306351644 6.977822009767804 6.363961030678928 10.84158659975559 7.85891213845784 0.6363961030678928 2.9584624384974028 4.118859065323794 2.2896506283710623 2.5894014752448102 9999.0
-1 -1 -1 -1 -1 -1 -1 -1 -1 -1 -1 -1 -1 -1 -1 -1 -1 -1 -1 -1 -1 -1 -1 -1 -1 -1 -1 -1 -1 -1 -1 -1 -1 -1 -1 -1 -1 -1 -1 -1 -1 -1 -1 -1 -1 -1 -1 -1 -1 -1 -1 -1 -1 -1 -1 -1 -1 -1 -1 -1 -1 -1 -1 -1 -1 -1 -1 -1 -1 -1 -1 -1 -1 -1 -1 -1 -1 -1 -1 -1 -1 -1 -1 -1 -1 -1 -1 -1 -1 -1 -1 -1 -1 -1 -1 -1 -1 -1 -1 -1
